100
2 5
758 85
451 5
289 65
758 96
2 50
413 35
289 48
30 46
755 11
918 38
772 5
2 96
875 93
432 88
312 23
959 86
716 10
950 95
226 22
452 71
61 39
387 98
1000 4
462 18
1000 3
1000 96
583 72
786 52
2 2
81 39
254 30
656 95
2 99
555 27
440 28
659 89
270 26
1000 99
906 56
712 1
397 40
1000 1
398 61
2 95
779 34
748 77
537 11
424 35
2 3
2 97
125 51
79 65
443 91
246 78
838 46
635 54
1000 97
3 10
70 56
964 38
373 46
319 10
1000 5
924 39
582 60
824 54
13 37
500 44
865 5
551 71
124 68
740 92
2 4
871 75
642 34
1000 2
633 94
728 33
285 29
958 86
970 99
793 69
1000 98
912 68
5 75
169 55
439 40
2 1
808 71
372 41
173 90
494 92
915 30
1000 95
2 98
93 3
103 5
317 36
355 11
