965
4788
989447237
105
2430
2200
169344
86
20
346742385
182250
60000
25200
4539685
4733
23760
1728
587234
76
983900459
126
16320
33750
409342369
125440
1056
4675
4560
7128
18
30720
16524
79200
345600
198450
23232
81000
3780
194400
26
53940
26460
3000
82944
3564
5040
2
768
29
900360029
362
9000
934
36864
3864
442368
141120
76800
2600
322081025
47958485
15120
83160
161280
31680
21504
186624
13824
96228
999999998
121
64
3509575
99
46080
31590
2100
6480
6075
1944
63180
97200
4704
4173641
244944
4680
214573
67
170
11340
2736
50544
300000
104
69888
2160
8624
165888
725573
35280
40950
42768
15840
243000
108
954158175
7897861
4410
34848
72000
112896
460800
25920
44550
810
969
108000
1701
5520
653477439
64152
1741
536870912
1960
4914
99840
294912
12150
38
480000
1249
194241
12672
8320
120000
5625
209952
288
3645
65
83
364500
2310
4050
201600
94770
430080
245760
8660
100696425
1817
1386
10
10752
132300
13680
360000
108864
12800
181440
2304
405000
276480
112000
84480
25002
90
157464
81
13440
614400
110
180000
111
12870
9100
5120
97
340200
30030
41600
120
519
981028563
786432
7938
281
163296
8550
136080
22176
37440
904152917
20160
32400
84579
2156
8250
8347
145800
1824
94
80949857
3
85536
5400
20000
2592
8000
99000
432255
225792
349920
224
589833267
1001604
17424
58054077
56160
78000
63
49920
282791
28
118800
184320
8448
35
122880
32640
54880
16128
67584
21952
7560
129
6300
625433749
17
172032
86016
123
468
1048576
518400
109
24192
546
39600
87
32256
48600
306180
23
396
57624
27000
65536
12768
5000
34020
79548
395
252000
2403381
19656
9180
912
27456
746803744
1008
314928
19200
813
1520
23400
8
2400
9489
622080
92160
38016
28000
7680
1530
105000
291600
40320
29700
42105
7455307
559
233280
25600
6600
375000
29120
18720
241920
8772
633
215040
1904
700
138240
510205
646
1836
38880
697106497
5
59
168000
408240
1800
9827
70235461
79
92400
2707
11664
41580
69984
971866761
5361
74088
64922375
5297
270000
35640
6930
107520
121500
50400
2352
368640
189
75264
67200
85712697
4943
8208
63360
34300
36
72900
3312
126720
248832
15288
66150
45
816
7390
16
1001
47628
24480
805306368
34944
49280
48510
336000
31200
114688
3371
82
9450
4800
98
938017885
5940
324000
18432
72
22
8748
949106497
476014
5824
504
5073
41472
192
101250
32768
38497
52800
89
2340
17280
3240
15390
14400
307200
123480
107
13230
63000
144000
47
7290
56
135
27720
101
9800
20328
987
23040
696
142560
125
68
999999937
288000
54000
151200
64680
127008
3157819
13056
40824
235200
43200
4608
72576
80640
5280
5250
91857
32
14700
7296
64512
268800
19008
98304
4032
35503
71805
49000
95256
7056
80
77
16380
9425
24000
8640
77760
57344
3510
84
19800
1680
4536
6552
94500
33696
116640
78
17920
957262828
259200
673921
168960
33
131220
3456
29250
94080
26880
174960
28672
33792
52920
630
128
88
48384
17820
131980
2560
11000
546750
1134
93312
170100
331776
23328
89100
78750
1848
474
122877509
640
473
110250
621008
29160
4160
665
62
100800
207360
961175759
660
482421315
388800
302400
916855204
12544
13
552960
21840
567
3600
25
34111
17136
21383
20592
5184
589824
27184698
47473
46464
37
1
2016
11264
62208
30
134400
1615
124416
787320
10240
55296
133650
61740
967669583
6720
13122
699840
105600
688978813
441
76032
36960
3375
96768
4
3900
82268566
20480
2618049
8976
42755209
88704
420
129600
4374
792
5346
90720
53
18816
998244353
34
2097152
18240
2520
24
13860
81648
5200
63504
6804
46
118263990
320
459270
491520
900
1620
8400
196608
1000000000
93
448
7500
16464
95
193
12960
85050
52488
3024
27216
864
43680
6144
162000
998506315
9
30973
117
11232
85881
361
391
45000
393216
95040
9600
40
8100
116
279936
70560
8372259
1584
9216
74
105840
58320
362880
4752
2250
14112
922505446
12096
999999999
66528
127
33108
6750
16224
5601
322560
21384
142884
44928
2376
147456
14560
54
102
217728
37800
92317161
8015864
49392
2000
1600
23100
84240
22950
22500
32805
40960
8424
1890
5767201
55
236250
4200
172800
3528
256000
7776
22848
54600
3696
49896
8316
132000
24750
34560
14040
98415
57600
301056
1323
2730
21000
89600
145152
39936
6840
103680
86400
180
61440
323
57024
44800
4480
31752
240000
33600
50688
986129769
150528
36283838
5616
457481
524880
75
22464
73728
192000
56700
47040
1215
4320
4158
92
583200
20736
204120
12240
115200
21870
129024
35100
50
226151256
69
230400
160
70000
31500
58800
10368
67500
25490988
15
164640
91
53760
226800
87480
68040
414720
6765
155520
1632
472392
3584
24300
112
42000
64800
10080
150000
4000
70
24576
102060
42120
655360
6541551
16800
27
70200
31104
43740
18000
28800
2688
466560
106
373248
4655
14688
66
96000
139968
15400
15750
2070
28080
1500
2940
32000
3168
49
5657
42336
4312
81920
262440
32076
7040
1260
176400
131
393660
8960
9409159
5376
9408
10000
32670
15680
1512
1440
1000000
216
15552
13500
193536
17550
44
48000
17640
540
3360
29952
75600
211680
7025
10710
486000
58
179200
65610
2640
96
672
60
3264
1671
7920
7200
8087519
11
61966
118272
12000
2880
2720
19440
118
432000
45360
57
8064
2025
7389
49500
641
49152
8826131
10800
50000
4896
6400
2268
21600
10500
21168
14
71
782
59400
2906162
257
5044
42
10260
12288
153600
30240
9240
60480
1764
3072
51030
115248
576
135000
74880
6037
1920
300
6399199
9504
29484
84000
85
67893369
5760
926315427
11016
216000
6
59136
31
202500
22680
24696
3960
517759
3888
524288
221184
9900
48
200000
128000
110592
4725
14336
281250
113
71280
163840
122
73
38400
2431
18480
11085765
5721
501
5304
994617
43
1100
54432
103
16000
33401221
70400
964532929
3120
28512
51
4620
5600
56448
115
5808
7785
10560
23115571
52
7
12348
29400
4488
16200
119
104976
51840
311040
15876
124
48238
69120
21
7392
