960
2618049
42
18000
176400
5760
42120
55
243000
20000
19200
3264
10260
64680
102
6765
27216
17
94080
23400
2906162
81648
4200
69120
699840
49000
29160
17136
32400
92317161
8660
3371
4675
1890
7296
2707
768
33
74
324000
42000
559
900360029
194241
8976
9600
97200
135000
7560
2304
1000000
4536
725573
6750
13680
27456
29250
4160
8208
967669583
39600
11232
96000
193536
926315427
2403381
3360
134400
241920
981028563
131
6804
80949857
259200
132300
194400
1048576
49
22176
1817
17640
33750
245760
8772
8087519
104
1249
9900
2000
139968
67584
24000
448
67
546750
8100
76
9408
983900459
19656
3072
118
45000
126
33600
29952
323
59136
270000
19008
9180
524880
125440
55296
15288
567
3960
8624
4480
144000
85712697
1800
587234
99840
115200
4752
160
1260
10240
4896
16
85536
120000
92160
5600
23760
225792
5250
22
938017885
95040
2
7390
8015864
1764
13230
15400
24480
12800
999999998
99000
65
6930
10710
6399199
15750
112000
10500
26460
2592
8250
18
221184
524288
40960
94
7938
59
58054077
8424
8400
373248
48238
24576
34111
9800
38016
192
16320
32805
23328
1323
29700
2431
1008
17550
110592
8640
8448
999999937
76800
994617
252000
9000
181440
28
473
3024
589833267
2940
4788
432000
64922375
969
7897861
202500
83
18240
40950
1100
10000
66
301056
21384
36
224
192000
76032
77760
71280
3168
65610
7455307
36864
25200
480000
16128
2100
31590
589824
15
67200
460800
18720
782
964532929
5767201
7776
142560
441
33401221
12240
4733
84480
57024
12672
5808
3564
14
3509575
20328
78750
49392
10
14112
614400
25002
30240
104976
420
94770
100800
17280
15120
10080
2376
2310
7025
82268566
57344
6480
362
2400
5184
207360
9504
934
147456
30720
91
2736
50544
184320
8316
78
113
101
62208
5721
5616
6
122880
2430
5520
646
133650
5040
57
117
12960
31
109
3
92
145152
118263990
64512
17424
314928
457481
3456
49920
38880
82944
32640
5120
306180
48510
388800
916855204
25
28080
8320
3600
61740
14400
340200
87480
70
168960
27720
583200
501
361
56
21504
126720
7040
44
16380
72900
49152
504
5601
10800
114688
2688
5000
75600
257
85881
16200
281250
3240
24750
97
8064
81920
31200
164640
13122
172800
23100
10560
8347
1000000000
633
64800
21600
957262828
30973
2880
58
200000
18480
127
961175759
84240
240000
11340
1920
16464
787320
201600
4680
73728
26880
230400
7500
7389
11085765
2268
6541551
64
4655
300
14040
2250
8000
70235461
61440
129024
65536
989447237
1741
128
112896
125
6037
85
19800
53940
108
110
31500
107
16800
233280
44928
27184698
4608
81
52
5280
20
88704
35503
105600
395
70000
1728
5824
786432
38
58800
28000
13
954158175
1440
80
157464
244944
9
2600
912
1512
52920
50400
56700
85050
24696
54880
3157819
131980
84579
116640
89100
672
904152917
1134
673921
79
51030
6075
105
2156
3584
43
235200
12768
35280
105840
986129769
165888
8550
13500
94500
23115571
22950
7785
46080
77
41472
25490988
174960
971866761
101250
999999999
62
98415
8748
1701
111
110250
89600
28672
25600
5073
103680
122877509
84000
132000
105000
86016
172032
1836
5
345600
362880
6720
63180
3900
95
688978813
5400
92400
170
20592
630
813
36283838
35640
46464
2730
430080
391
4173641
472392
30
393660
6300
79200
217728
63360
442368
37
32
47
4000
5940
9450
11
2352
291600
21168
38400
98
34560
1001604
31680
67893369
655360
141120
50
4
1215
5297
52488
336000
660
9409159
121500
70200
54000
50688
34
2160
625433749
1620
9827
653477439
68
44800
115
82
46
49280
136080
135
32000
5657
15552
4800
35
3375
127008
48000
1824
112
396
282791
21000
138240
145800
33792
72
331776
30030
15390
103
108864
4488
518400
5625
1001
536870912
3864
468
61966
1632
99
864
40
44550
116
279936
482421315
162000
17820
2025
53
91857
7290
161280
4704
622080
60000
22500
204120
45360
17920
186624
33108
1944
16224
78000
987
510205
128000
107520
31104
5346
198450
67500
80640
4539685
63504
276480
6552
40824
179200
93312
63
949106497
34300
150000
294912
86400
69
393216
49896
665
52800
22464
998506315
90720
2720
12096
79548
466560
69888
38497
3645
108000
163296
3780
3312
4312
375000
83160
28800
4943
11016
163840
60480
474
6840
96
7920
47040
3888
29
4914
34848
10752
40320
4158
5304
519
70560
150528
248832
14700
47958485
81000
216
21870
54600
6400
43200
1386
322560
14560
102060
4320
24
19440
29484
641
106
16524
432255
43740
18816
4032
11664
1056
214573
9216
12544
28512
168000
124416
7056
209952
27000
4410
1520
69984
39936
68040
1584
215040
746803744
2097152
22848
118800
346742385
35100
546
12288
47473
63000
922505446
211680
26
805306368
21840
37440
122
364500
6600
552960
576
180
95256
486000
1671
15840
491520
408240
20160
13824
300000
93
7
71805
792
1848
45
75264
405000
42755209
34944
459270
21383
31752
42768
640
142884
189
98304
349920
11264
72000
1600
8960
8372259
74880
49500
123480
32670
123
517759
2560
3510
153600
1904
3528
100696425
900
89
8
226151256
540
118272
32768
66528
51
2640
7128
7392
15680
20480
360000
58320
96768
180000
32076
2520
700
29120
32256
1530
41600
25920
24192
4050
121
84
56160
119
621008
57600
73
7200
48384
226800
87
34020
816
8826131
1615
50000
129
75
409342369
11000
322081025
288
262440
1500
196608
21952
14688
64152
810
90
72576
4725
74088
307200
47628
13440
13056
120
170100
268800
88
16000
414720
256000
3696
124
12348
129600
1
115248
9425
60
51840
998244353
42105
216000
302400
4620
37800
22680
7680
23
54
696
2200
96228
48600
24300
18432
1960
9100
59400
12870
14336
151200
10368
288000
48
236250
3120
2340
182250
2016
23232
33696
12150
86
476014
697106497
57624
54432
23040
12000
5376
70400
4374
3000
155520
20736
4560
9240
56448
131220
53760
5200
311040
5044
169344
66150
281
29400
1680
41580
2070
13860
42336
368640
15876
43680
9489
71
21
193
