Case #1: 11 2 2 3 3 7 19 1 1 1 1 1 
Case #2: -1
Case #3: 29 3 5 7 1 1 1 1 1 1 1 1 1 1 1 1 1 1 1 1 1 1 1 1 1 1 1 1 1 1 
Case #4: 26 2 3 3 3 3 3 5 1 1 1 1 1 1 1 1 1 1 1 1 1 1 1 1 1 1 1 
Case #5: 20 2 2 2 5 5 11 1 1 1 1 1 1 1 1 1 1 1 1 1 1 
Case #6: 16 2 2 2 2 2 2 2 3 3 3 7 7 1 1 1 1 
Case #7: -1
Case #8: 35 2 2 5 1 1 1 1 1 1 1 1 1 1 1 1 1 1 1 1 1 1 1 1 1 1 1 1 1 1 1 1 1 1 1 1 
Case #9: -1
Case #10: 16 2 3 3 3 3 3 3 5 5 5 1 1 1 1 1 1 
Case #11: 18 2 2 2 2 2 3 5 5 5 5 1 1 1 1 1 1 1 1 
Case #12: 19 2 2 2 2 3 3 5 5 7 1 1 1 1 1 1 1 1 1 1 
Case #13: -1
Case #14: -1
Case #15: 17 2 2 2 2 3 3 3 5 11 1 1 1 1 1 1 1 1 
Case #16: 29 2 2 2 2 2 2 3 3 3 1 1 1 1 1 1 1 1 1 1 1 1 1 1 1 1 1 1 1 1 
Case #17: -1
Case #18: 21 2 2 19 1 1 1 1 1 1 1 1 1 1 1 1 1 1 1 1 1 1 
Case #19: -1
Case #20: 30 2 3 3 7 1 1 1 1 1 1 1 1 1 1 1 1 1 1 1 1 1 1 1 1 1 1 1 1 1 1 
Case #21: 13 2 2 2 2 2 2 3 5 17 1 1 1 1 
Case #22: 18 2 3 3 3 5 5 5 5 1 1 1 1 1 1 1 1 1 1 
Case #23: -1
Case #24: 16 2 2 2 2 2 2 2 2 2 5 7 7 1 1 1 1 
Case #25: 24 2 2 2 2 2 3 11 1 1 1 1 1 1 1 1 1 1 1 1 1 1 1 1 1 
Case #26: 7 5 5 11 17 1 1 1 
Case #27: 13 2 2 2 2 3 5 19 1 1 1 1 1 1 
Case #28: 20 2 2 2 3 3 3 3 11 1 1 1 1 1 1 1 1 1 1 1 1 
Case #29: 36 2 3 3 1 1 1 1 1 1 1 1 1 1 1 1 1 1 1 1 1 1 1 1 1 1 1 1 1 1 1 1 1 1 1 1 1 
Case #30: 24 2 2 2 2 2 2 2 2 2 2 2 3 5 1 1 1 1 1 1 1 1 1 1 1 
Case #31: 13 2 2 3 3 3 3 3 17 1 1 1 1 1 
Case #32: 14 2 2 2 2 2 3 3 5 5 11 1 1 1 1 
Case #33: 18 2 2 2 2 2 2 2 2 2 3 3 3 5 5 1 1 1 1 
Case #34: 12 2 3 3 3 3 5 5 7 7 1 1 1 
Case #35: 13 2 2 2 2 2 2 3 11 11 1 1 1 1 
Case #36: 18 2 2 2 3 3 3 3 5 5 5 1 1 1 1 1 1 1 1 
Case #37: 23 2 2 3 3 3 5 7 1 1 1 1 1 1 1 1 1 1 1 1 1 1 1 1 
Case #38: 18 2 2 2 2 2 3 3 3 3 3 5 5 1 1 1 1 1 1 
Case #39: 28 2 13 1 1 1 1 1 1 1 1 1 1 1 1 1 1 1 1 1 1 1 1 1 1 1 1 1 1 
Case #40: -1
Case #41: 17 2 2 3 3 3 5 7 7 1 1 1 1 1 1 1 1 1 
Case #42: 24 2 2 2 3 5 5 5 1 1 1 1 1 1 1 1 1 1 1 1 1 1 1 1 1 
Case #43: 23 2 2 2 2 2 2 2 2 2 2 3 3 3 3 1 1 1 1 1 1 1 1 1 
Case #44: 21 2 2 3 3 3 3 11 1 1 1 1 1 1 1 1 1 1 1 1 1 1 
Case #45: 23 2 2 2 2 3 3 5 7 1 1 1 1 1 1 1 1 1 1 1 1 1 1 1 
Case #46: 40 2 1 1 1 1 1 1 1 1 1 1 1 1 1 1 1 1 1 1 1 1 1 1 1 1 1 1 1 1 1 1 1 1 1 1 1 1 1 1 1 
Case #47: 31 2 2 2 2 2 2 2 2 3 1 1 1 1 1 1 1 1 1 1 1 1 1 1 1 1 1 1 1 1 1 1 
Case #48: 13 29 1 1 1 1 1 1 1 1 1 1 1 1 
Case #49: -1
Case #50: -1
Case #51: 22 2 2 2 3 3 5 5 5 1 1 1 1 1 1 1 1 1 1 1 1 1 1 
Case #52: -1
Case #53: 25 2 2 2 2 2 2 2 2 2 2 2 2 3 3 1 1 1 1 1 1 1 1 1 1 1 
Case #54: 8 2 2 2 3 7 23 1 1 
Case #55: 21 2 2 2 2 2 2 2 2 2 2 2 2 2 2 3 3 3 1 1 1 1 
Case #56: 15 2 2 2 2 2 2 3 3 5 7 7 1 1 1 1 
Case #57: 21 2 2 2 2 2 2 2 2 2 2 3 5 5 1 1 1 1 1 1 1 1 
Case #58: 18 2 2 2 5 5 13 1 1 1 1 1 1 1 1 1 1 1 1 
Case #59: -1
Case #60: -1
Case #61: 21 2 2 2 2 3 3 3 5 7 1 1 1 1 1 1 1 1 1 1 1 1 
Case #62: 12 2 2 2 3 3 3 5 7 11 1 1 1 
Case #63: 18 2 2 2 2 2 2 2 2 2 3 3 5 7 1 1 1 1 1 
Case #64: 17 2 2 2 2 2 2 3 3 5 11 1 1 1 1 1 1 1 
Case #65: 23 2 2 2 2 2 2 2 2 2 2 3 7 1 1 1 1 1 1 1 1 1 1 1 
Case #66: 21 2 2 2 2 2 2 2 2 3 3 3 3 3 3 1 1 1 1 1 1 1 
Case #67: 26 2 2 2 2 2 2 2 2 2 3 3 3 1 1 1 1 1 1 1 1 1 1 1 1 1 1 
Case #68: 15 2 2 3 3 3 3 3 3 3 11 1 1 1 1 1 
Case #69: -1
Case #70: 21 11 11 1 1 1 1 1 1 1 1 1 1 1 1 1 1 1 1 1 1 1 
Case #71: 35 2 2 2 2 2 2 1 1 1 1 1 1 1 1 1 1 1 1 1 1 1 1 1 1 1 1 1 1 1 1 1 1 1 1 1 
Case #72: -1
Case #73: 27 3 3 11 1 1 1 1 1 1 1 1 1 1 1 1 1 1 1 1 1 1 1 1 1 1 1 1 
Case #74: 23 2 2 2 2 2 2 2 2 2 2 3 3 5 1 1 1 1 1 1 1 1 1 1 
Case #75: 14 2 3 3 3 3 3 5 13 1 1 1 1 1 1 
Case #76: 23 2 2 3 5 5 7 1 1 1 1 1 1 1 1 1 1 1 1 1 1 1 1 1 
Case #77: 25 2 2 2 2 3 3 3 3 5 1 1 1 1 1 1 1 1 1 1 1 1 1 1 1 1 
Case #78: 23 3 3 3 3 3 5 5 1 1 1 1 1 1 1 1 1 1 1 1 1 1 1 1 
Case #79: 28 2 2 2 3 3 3 3 3 1 1 1 1 1 1 1 1 1 1 1 1 1 1 1 1 1 1 1 1 
Case #80: 13 2 2 3 3 3 3 3 5 13 1 1 1 1 
Case #81: 19 2 2 2 2 3 3 3 3 3 5 5 1 1 1 1 1 1 1 1 
Case #82: 22 2 2 2 2 2 3 7 7 1 1 1 1 1 1 1 1 1 1 1 1 1 1 
Case #83: -1
Case #84: 17 2 2 2 2 3 3 3 3 3 3 3 7 1 1 1 1 1 
Case #85: 18 2 2 2 3 3 5 13 1 1 1 1 1 1 1 1 1 1 1 
Case #86: -1
Case #87: -1
Case #88: 20 2 5 17 1 1 1 1 1 1 1 1 1 1 1 1 1 1 1 1 1 
Case #89: 21 2 2 3 3 3 3 5 7 1 1 1 1 1 1 1 1 1 1 1 1 1 
Case #90: 15 2 2 2 2 3 3 19 1 1 1 1 1 1 1 1 
Case #91: 15 2 2 2 2 3 3 3 3 3 13 1 1 1 1 1 
Case #92: 14 2 2 2 2 2 3 5 5 5 5 5 1 1 1 
Case #93: 26 2 2 2 13 1 1 1 1 1 1 1 1 1 1 1 1 1 1 1 1 1 1 1 1 1 1 
Case #94: 13 2 2 2 2 2 2 2 2 3 7 13 1 1 
Case #95: 27 2 2 2 2 3 3 3 5 1 1 1 1 1 1 1 1 1 1 1 1 1 1 1 1 1 1 1 
Case #96: 15 2 2 2 2 7 7 11 1 1 1 1 1 1 1 1 
Case #97: 22 2 2 2 2 2 2 2 2 2 2 2 3 3 3 3 1 1 1 1 1 1 1 
Case #98: -1
Case #99: 17 2 2 2 2 3 3 5 7 7 1 1 1 1 1 1 1 1 
Case #100: 10 2 3 3 5 5 7 13 1 1 1 
Case #101: 17 2 2 2 2 3 3 3 3 3 11 1 1 1 1 1 1 1 
Case #102: 18 2 2 2 2 2 3 3 5 11 1 1 1 1 1 1 1 1 1 
Case #103: 16 2 2 2 3 3 3 3 3 5 5 5 1 1 1 1 1 
Case #104: 33 2 2 3 3 3 1 1 1 1 1 1 1 1 1 1 1 1 1 1 1 1 1 1 1 1 1 1 1 1 1 1 1 1 
Case #105: -1
Case #106: -1
Case #107: 20 2 3 3 5 7 7 1 1 1 1 1 1 1 1 1 1 1 1 1 1 
Case #108: 12 2 2 2 2 2 3 3 11 11 1 1 1 
Case #109: 19 2 2 2 2 2 2 3 3 5 5 5 1 1 1 1 1 1 1 1 
Case #110: 17 2 2 2 2 2 2 2 2 3 3 7 7 1 1 1 1 1 
Case #111: 18 2 2 2 2 2 2 2 2 2 2 2 3 3 5 5 1 1 1 
Case #112: 23 2 2 2 2 2 2 3 3 3 3 5 1 1 1 1 1 1 1 1 1 1 1 1 
Case #113: 14 2 3 3 3 3 5 5 11 1 1 1 1 1 1 
Case #114: 28 2 3 3 3 3 5 1 1 1 1 1 1 1 1 1 1 1 1 1 1 1 1 1 1 1 1 1 1 
Case #115: 5 3 17 19 1 1 
Case #116: 18 2 2 2 2 2 3 3 3 5 5 5 1 1 1 1 1 1 1 
Case #117: 25 3 3 3 3 3 7 1 1 1 1 1 1 1 1 1 1 1 1 1 1 1 1 1 1 1 
Case #118: 9 2 2 2 2 3 5 23 1 1 
Case #119: -1
Case #120: 16 2 2 2 3 3 3 3 3 3 11 1 1 1 1 1 1 
Case #121: -1
Case #122: -1
Case #123: 22 2 2 2 5 7 7 1 1 1 1 1 1 1 1 1 1 1 1 1 1 1 1 
Case #124: 16 2 3 3 3 7 13 1 1 1 1 1 1 1 1 1 1 
Case #125: 14 2 2 2 2 2 2 2 2 2 3 5 13 1 1 
Case #126: 22 2 2 2 2 2 2 2 2 2 2 2 2 2 2 2 3 3 1 1 1 1 1 
Case #127: 22 2 3 3 3 3 3 5 5 1 1 1 1 1 1 1 1 1 1 1 1 1 1 
Case #128: 22 2 19 1 1 1 1 1 1 1 1 1 1 1 1 1 1 1 1 1 1 1 1 
Case #129: 15 2 2 2 2 2 2 2 2 3 5 5 5 5 1 1 
Case #130: -1
Case #131: -1
Case #132: 20 2 2 2 2 2 2 2 3 3 11 1 1 1 1 1 1 1 1 1 1 
Case #133: 18 2 2 2 2 2 2 2 5 13 1 1 1 1 1 1 1 1 1 
Case #134: 17 2 2 2 2 2 2 3 5 5 5 5 1 1 1 1 1 1 
Case #135: 21 3 3 5 5 5 5 1 1 1 1 1 1 1 1 1 1 1 1 1 1 1 
Case #136: 20 2 2 2 2 2 3 3 3 3 3 3 3 3 1 1 1 1 1 1 1 
Case #137: 32 2 2 2 2 2 3 3 1 1 1 1 1 1 1 1 1 1 1 1 1 1 1 1 1 1 1 1 1 1 1 1 1 
Case #138: 25 3 3 3 3 3 3 5 1 1 1 1 1 1 1 1 1 1 1 1 1 1 1 1 1 1 
Case #139: 25 5 13 1 1 1 1 1 1 1 1 1 1 1 1 1 1 1 1 1 1 1 1 1 1 1 
Case #140: -1
Case #141: 15 2 2 3 3 3 3 3 3 5 5 5 1 1 1 1 
Case #142: 18 2 3 5 7 11 1 1 1 1 1 1 1 1 1 1 1 1 1 
Case #143: 24 2 3 3 3 3 5 5 1 1 1 1 1 1 1 1 1 1 1 1 1 1 1 1 1 
Case #144: 16 2 2 2 2 2 2 2 3 3 5 5 7 1 1 1 1 
Case #145: 12 2 3 3 3 3 3 3 5 13 1 1 1 
Case #146: 17 2 2 2 2 2 2 2 2 2 2 2 2 3 5 7 1 1 
Case #147: 21 2 2 2 2 2 2 2 2 2 2 2 2 2 2 3 5 1 1 1 1 1 
Case #148: -1
Case #149: -1
Case #150: -1
Case #151: 20 2 3 3 7 11 1 1 1 1 1 1 1 1 1 1 1 1 1 1 1 
Case #152: 36 2 5 1 1 1 1 1 1 1 1 1 1 1 1 1 1 1 1 1 1 1 1 1 1 1 1 1 1 1 1 1 1 1 1 1 1 
Case #153: 24 2 2 2 2 2 2 2 2 2 3 7 1 1 1 1 1 1 1 1 1 1 1 1 1 
Case #154: 13 2 2 3 3 3 5 5 7 7 1 1 1 1 
Case #155: 11 2 2 2 2 3 3 5 19 1 1 1 
Case #156: 15 2 2 2 2 2 2 3 3 5 5 5 5 1 1 1 
Case #157: 19 2 2 2 2 2 2 3 3 3 3 3 7 1 1 1 1 1 1 1 
Case #158: 24 2 2 2 2 2 2 2 2 2 5 5 1 1 1 1 1 1 1 1 1 1 1 1 1 
Case #159: 17 2 2 2 2 2 2 3 3 3 3 5 7 1 1 1 1 1 
Case #160: 29 2 2 2 2 2 2 2 2 3 3 1 1 1 1 1 1 1 1 1 1 1 1 1 1 1 1 1 1 1 
Case #161: 14 2 2 2 3 3 3 3 5 5 5 5 1 1 1 
Case #162: 20 2 2 2 2 2 2 2 2 2 2 2 3 3 3 5 1 1 1 1 1 
Case #163: 16 2 2 2 2 2 2 2 5 5 5 7 1 1 1 1 1 
Case #164: 16 2 2 2 2 2 2 2 2 2 3 5 11 1 1 1 1 
Case #165: -1
Case #166: 32 2 3 3 5 1 1 1 1 1 1 1 1 1 1 1 1 1 1 1 1 1 1 1 1 1 1 1 1 1 1 1 1 
Case #167: 20 2 2 2 3 3 3 3 3 3 3 3 3 1 1 1 1 1 1 1 1 
Case #168: 33 3 3 3 3 1 1 1 1 1 1 1 1 1 1 1 1 1 1 1 1 1 1 1 1 1 1 1 1 1 1 1 1 1 
Case #169: 22 2 2 2 2 2 2 2 3 5 7 1 1 1 1 1 1 1 1 1 1 1 1 
Case #170: 18 2 2 2 2 2 2 2 2 2 2 2 2 2 3 5 5 1 1 
Case #171: 26 2 5 11 1 1 1 1 1 1 1 1 1 1 1 1 1 1 1 1 1 1 1 1 1 1 1 
Case #172: 16 2 2 2 2 2 3 3 5 5 5 5 1 1 1 1 1 
Case #173: 3 3 37 1 
Case #174: 10 2 3 3 5 11 13 1 1 1 1 
Case #175: 13 2 2 5 5 7 13 1 1 1 1 1 1 1 
Case #176: 27 2 2 2 2 2 2 2 2 2 2 5 1 1 1 1 1 1 1 1 1 1 1 1 1 1 1 1 
Case #177: -1
Case #178: 14 2 2 2 3 3 3 3 3 5 5 7 1 1 1 
Case #179: 6 2 3 5 7 11 13 
Case #180: 14 2 2 2 2 2 2 2 5 5 13 1 1 1 1 
Case #181: 32 2 2 2 3 5 1 1 1 1 1 1 1 1 1 1 1 1 1 1 1 1 1 1 1 1 1 1 1 1 1 1 1 
Case #182: -1
Case #183: -1
Case #184: 21 2 2 2 2 2 2 2 2 2 2 2 2 2 2 2 2 2 2 3 1 1 
Case #185: 20 2 3 3 3 3 7 7 1 1 1 1 1 1 1 1 1 1 1 1 1 
Case #186: -1
Case #187: 18 2 2 2 2 2 3 3 3 3 3 3 7 1 1 1 1 1 1 
Case #188: 10 2 3 3 5 5 19 1 1 1 1 
Case #189: 17 2 2 2 2 3 3 3 3 3 5 7 1 1 1 1 1 1 
Case #190: 16 2 2 2 2 2 3 3 7 11 1 1 1 1 1 1 1 
Case #191: 15 2 2 2 2 2 2 3 3 5 13 1 1 1 1 1 
Case #192: -1
Case #193: 21 2 2 2 2 2 2 3 3 5 7 1 1 1 1 1 1 1 1 1 1 1 
Case #194: 21 2 2 2 2 3 3 3 3 5 5 1 1 1 1 1 1 1 1 1 1 1 
Case #195: -1
Case #196: 17 2 2 7 7 11 1 1 1 1 1 1 1 1 1 1 1 1 
Case #197: 16 2 3 5 5 5 11 1 1 1 1 1 1 1 1 1 1 
Case #198: -1
Case #199: 18 2 2 2 3 3 3 3 3 3 5 5 1 1 1 1 1 1 1 
Case #200: 16 2 2 2 2 2 3 19 1 1 1 1 1 1 1 1 1 
Case #201: -1
Case #202: -1
Case #203: 39 3 1 1 1 1 1 1 1 1 1 1 1 1 1 1 1 1 1 1 1 1 1 1 1 1 1 1 1 1 1 1 1 1 1 1 1 1 1 1 
Case #204: 16 2 2 2 2 2 3 3 3 3 3 11 1 1 1 1 1 
Case #205: 24 2 2 2 3 3 3 5 5 1 1 1 1 1 1 1 1 1 1 1 1 1 1 1 1 
Case #206: 20 2 2 2 2 2 5 5 5 5 1 1 1 1 1 1 1 1 1 1 1 
Case #207: 28 2 2 2 2 2 3 3 3 3 1 1 1 1 1 1 1 1 1 1 1 1 1 1 1 1 1 1 1 
Case #208: 23 2 2 2 2 2 2 5 5 5 1 1 1 1 1 1 1 1 1 1 1 1 1 1 
Case #209: 12 2 2 2 3 3 5 5 5 11 1 1 1 
Case #210: -1
Case #211: 16 2 2 2 2 2 2 2 2 2 3 3 7 7 1 1 1 
Case #212: 18 2 2 2 2 2 3 3 3 3 3 3 3 5 1 1 1 1 1 
Case #213: 30 2 2 2 2 2 7 1 1 1 1 1 1 1 1 1 1 1 1 1 1 1 1 1 1 1 1 1 1 1 1 
Case #214: -1
Case #215: -1
Case #216: 13 2 2 2 2 3 3 11 11 1 1 1 1 1 
Case #217: -1
Case #218: 14 2 2 2 2 2 3 3 3 5 13 1 1 1 1 
Case #219: 11 2 2 2 2 3 5 5 5 13 1 1 
Case #220: 31 3 3 7 1 1 1 1 1 1 1 1 1 1 1 1 1 1 1 1 1 1 1 1 1 1 1 1 1 1 1 1 
Case #221: 15 2 2 2 2 2 2 2 2 3 5 13 1 1 1 1 
Case #222: -1
Case #223: 33 2 2 7 1 1 1 1 1 1 1 1 1 1 1 1 1 1 1 1 1 1 1 1 1 1 1 1 1 1 1 1 1 1 
Case #224: 13 2 2 2 2 3 3 3 5 5 11 1 1 1 
Case #225: 21 2 2 2 2 2 2 2 2 2 2 2 2 3 3 5 1 1 1 1 1 1 
Case #226: 21 2 2 2 2 2 2 2 2 3 11 1 1 1 1 1 1 1 1 1 1 1 
Case #227: 31 5 7 1 1 1 1 1 1 1 1 1 1 1 1 1 1 1 1 1 1 1 1 1 1 1 1 1 1 1 1 1 
Case #228: 22 2 2 2 2 2 2 2 2 2 2 2 2 2 3 5 1 1 1 1 1 1 1 
Case #229: 12 2 2 2 2 2 2 2 3 5 17 1 1 
Case #230: 14 2 2 2 2 2 5 7 7 7 1 1 1 1 1 
Case #231: 23 2 2 2 2 2 2 2 2 3 3 7 1 1 1 1 1 1 1 1 1 1 1 1 
Case #232: 18 2 2 2 2 2 2 2 2 2 2 2 3 11 1 1 1 1 1 
Case #233: 17 2 2 2 2 2 2 7 7 7 1 1 1 1 1 1 1 1 
Case #234: 22 2 2 2 3 3 3 5 7 1 1 1 1 1 1 1 1 1 1 1 1 1 1 
Case #235: -1
Case #236: 21 2 2 3 3 5 5 7 1 1 1 1 1 1 1 1 1 1 1 1 1 1 
Case #237: -1
Case #238: 25 17 1 1 1 1 1 1 1 1 1 1 1 1 1 1 1 1 1 1 1 1 1 1 1 1 
Case #239: 20 2 2 2 2 2 2 2 2 2 2 2 2 2 3 7 1 1 1 1 1 
Case #240: 21 2 2 2 2 2 2 2 2 2 2 2 2 3 7 1 1 1 1 1 1 1 
Case #241: -1
Case #242: 23 2 2 3 3 13 1 1 1 1 1 1 1 1 1 1 1 1 1 1 1 1 1 1 
Case #243: 21 2 2 2 2 2 2 2 2 2 2 2 2 2 2 2 2 2 2 2 2 1 
Case #244: 17 2 2 2 2 2 2 2 2 3 3 3 3 5 5 1 1 1 
Case #245: -1
Case #246: 22 2 2 2 2 2 2 2 3 3 3 7 1 1 1 1 1 1 1 1 1 1 1 
Case #247: 20 2 3 7 13 1 1 1 1 1 1 1 1 1 1 1 1 1 1 1 1 
Case #248: 15 2 2 2 2 3 3 5 5 11 1 1 1 1 1 1 
Case #249: 11 3 29 1 1 1 1 1 1 1 1 1 
Case #250: 22 2 2 2 2 2 2 2 2 2 3 3 7 1 1 1 1 1 1 1 1 1 1 
Case #251: 20 2 2 2 3 3 3 3 3 5 5 1 1 1 1 1 1 1 1 1 1 
Case #252: 15 2 2 3 3 3 3 3 3 3 5 7 1 1 1 1 
Case #253: 19 23 1 1 1 1 1 1 1 1 1 1 1 1 1 1 1 1 1 1 
Case #254: 25 2 2 3 3 11 1 1 1 1 1 1 1 1 1 1 1 1 1 1 1 1 1 1 1 1 
Case #255: 12 2 2 2 3 7 7 7 7 1 1 1 1 
Case #256: 20 2 2 2 3 3 3 5 5 5 1 1 1 1 1 1 1 1 1 1 1 
Case #257: 25 2 2 2 2 2 2 2 2 2 2 2 2 2 2 2 2 1 1 1 1 1 1 1 1 1 
Case #258: 10 2 2 2 2 2 3 7 19 1 1 
Case #259: 22 2 2 2 5 5 5 5 1 1 1 1 1 1 1 1 1 1 1 1 1 1 1 
Case #260: 19 2 2 3 3 3 3 3 5 7 1 1 1 1 1 1 1 1 1 1 
Case #261: -1
Case #262: -1
Case #263: 14 2 2 2 2 2 3 3 5 5 5 7 1 1 1 
Case #264: -1
Case #265: 14 2 2 2 3 3 3 7 13 1 1 1 1 1 1 
Case #266: 13 2 2 3 3 3 5 17 1 1 1 1 1 1 
Case #267: 17 2 2 2 2 3 19 1 1 1 1 1 1 1 1 1 1 1 
Case #268: 11 2 2 2 2 2 2 3 11 13 1 1 
Case #269: -1
Case #270: 27 2 2 2 2 3 3 7 1 1 1 1 1 1 1 1 1 1 1 1 1 1 1 1 1 1 1 1 
Case #271: 19 2 2 2 2 3 3 3 3 3 3 3 3 3 1 1 1 1 1 1 
Case #272: 23 2 2 2 2 2 2 2 2 3 5 5 1 1 1 1 1 1 1 1 1 1 1 1 
Case #273: -1
Case #274: 15 2 2 2 2 5 19 1 1 1 1 1 1 1 1 1 
Case #275: 14 2 2 2 3 3 5 5 13 1 1 1 1 1 1 
Case #276: 38 2 2 2 1 1 1 1 1 1 1 1 1 1 1 1 1 1 1 1 1 1 1 1 1 1 1 1 1 1 1 1 1 1 1 1 1 1 1 
Case #277: 26 2 2 2 2 2 3 5 5 1 1 1 1 1 1 1 1 1 1 1 1 1 1 1 1 1 1 
Case #278: -1
Case #279: 18 2 2 2 2 2 2 2 2 2 3 3 3 3 3 5 1 1 1 
Case #280: 22 2 2 2 2 2 2 2 2 2 2 2 3 3 5 1 1 1 1 1 1 1 1 
Case #281: 18 2 2 2 2 2 2 2 3 3 3 11 1 1 1 1 1 1 1 
Case #282: 18 2 2 2 2 2 5 5 5 7 1 1 1 1 1 1 1 1 1 
Case #283: 26 2 2 2 2 2 2 2 2 2 3 5 1 1 1 1 1 1 1 1 1 1 1 1 1 1 1 
Case #284: 16 2 3 3 5 17 1 1 1 1 1 1 1 1 1 1 1 
Case #285: 14 2 2 2 3 5 5 5 5 7 1 1 1 1 1 
Case #286: 17 2 2 2 2 3 3 3 3 3 3 5 5 1 1 1 1 1 
Case #287: 20 2 2 2 2 2 2 2 3 3 5 7 1 1 1 1 1 1 1 1 1 
Case #288: 15 2 2 3 3 3 5 5 11 1 1 1 1 1 1 1 
Case #289: -1
Case #290: -1
Case #291: -1
Case #292: 19 2 2 2 2 2 2 3 3 3 3 3 3 5 1 1 1 1 1 1 
Case #293: 23 2 2 2 2 2 2 2 2 2 2 5 5 1 1 1 1 1 1 1 1 1 1 1 
Case #294: 18 2 2 2 3 5 5 11 1 1 1 1 1 1 1 1 1 1 1 
Case #295: 12 2 2 2 3 5 5 5 5 5 5 1 1 
Case #296: 13 2 2 2 2 2 2 5 7 13 1 1 1 1 
Case #297: 16 2 2 2 2 2 3 3 5 13 1 1 1 1 1 1 1 
Case #298: 17 2 2 2 2 2 2 2 2 3 3 3 5 7 1 1 1 1 
Case #299: -1
Case #300: -1
Case #301: 18 2 2 2 2 2 2 2 2 2 2 2 3 5 7 1 1 1 1 
Case #302: 15 2 2 2 2 7 17 1 1 1 1 1 1 1 1 1 
Case #303: 25 2 2 5 5 7 1 1 1 1 1 1 1 1 1 1 1 1 1 1 1 1 1 1 1 1 
Case #304: 21 2 2 2 2 2 2 2 2 2 2 3 3 3 5 1 1 1 1 1 1 1 
Case #305: -1
Case #306: 6 2 17 19 1 1 1 
Case #307: 17 2 2 3 3 3 17 1 1 1 1 1 1 1 1 1 1 1 
Case #308: 22 2 2 2 2 2 3 3 3 3 3 5 1 1 1 1 1 1 1 1 1 1 1 
Case #309: -1
Case #310: 37 5 1 1 1 1 1 1 1 1 1 1 1 1 1 1 1 1 1 1 1 1 1 1 1 1 1 1 1 1 1 1 1 1 1 1 1 1 
Case #311: -1
Case #312: 15 2 2 2 2 2 2 3 5 5 5 7 1 1 1 1 
Case #313: 15 2 2 2 2 3 3 3 3 3 3 5 7 1 1 1 
Case #314: 26 2 2 2 3 3 5 5 1 1 1 1 1 1 1 1 1 1 1 1 1 1 1 1 1 1 1 
Case #315: -1
Case #316: -1
Case #317: -1
Case #318: 11 2 2 2 2 3 5 5 7 11 1 1 
Case #319: -1
Case #320: 25 2 2 2 2 3 3 3 3 3 3 1 1 1 1 1 1 1 1 1 1 1 1 1 1 1 
Case #321: 13 2 2 3 3 3 5 7 11 1 1 1 1 1 
Case #322: 22 2 2 2 2 2 3 3 3 3 3 3 3 1 1 1 1 1 1 1 1 1 1 
Case #323: -1
Case #324: -1
Case #325: 14 2 2 2 3 3 3 7 7 7 1 1 1 1 1 
Case #326: -1
Case #327: -1
Case #328: 15 2 2 2 2 3 3 3 5 5 5 5 1 1 1 1 
Case #329: 16 2 2 2 3 3 3 3 5 11 1 1 1 1 1 1 1 
Case #330: 16 2 3 3 5 7 11 1 1 1 1 1 1 1 1 1 1 
Case #331: 19 2 2 2 2 2 2 2 2 2 2 3 5 7 1 1 1 1 1 1 
Case #332: 17 2 2 3 3 3 3 3 5 5 5 1 1 1 1 1 1 1 
Case #333: 18 2 2 2 2 2 3 3 5 5 7 1 1 1 1 1 1 1 1 
Case #334: 23 2 2 2 2 3 7 7 1 1 1 1 1 1 1 1 1 1 1 1 1 1 1 1 
Case #335: 20 2 2 2 2 2 2 2 2 2 2 2 2 2 3 3 5 1 1 1 1 
Case #336: 29 3 3 3 7 1 1 1 1 1 1 1 1 1 1 1 1 1 1 1 1 1 1 1 1 1 1 1 1 1 
Case #337: 18 2 2 2 2 2 2 2 2 2 3 7 7 1 1 1 1 1 1 
Case #338: 18 2 2 2 2 2 2 2 3 5 5 7 1 1 1 1 1 1 1 
Case #339: -1
Case #340: -1
Case #341: 13 2 2 2 2 3 3 3 19 1 1 1 1 1 
Case #342: 16 2 2 2 2 2 2 2 3 3 5 11 1 1 1 1 1 
Case #343: 13 2 2 5 5 7 7 7 1 1 1 1 1 1 
Case #344: 35 2 2 3 3 1 1 1 1 1 1 1 1 1 1 1 1 1 1 1 1 1 1 1 1 1 1 1 1 1 1 1 1 1 1 1 
Case #345: 19 2 2 3 3 3 3 3 3 5 5 1 1 1 1 1 1 1 1 1 
Case #346: 11 2 2 2 2 3 3 23 1 1 1 1 
Case #347: 15 2 2 2 2 2 2 2 2 3 3 5 11 1 1 1 
Case #348: 21 2 2 2 2 2 2 2 2 2 2 3 3 3 3 3 1 1 1 1 1 1 
Case #349: 12 2 2 2 3 7 7 13 1 1 1 1 1 
Case #350: 14 2 3 3 3 5 5 7 7 1 1 1 1 1 1 
Case #351: 33 3 3 5 1 1 1 1 1 1 1 1 1 1 1 1 1 1 1 1 1 1 1 1 1 1 1 1 1 1 1 1 1 1 
Case #352: 19 2 2 2 2 3 17 1 1 1 1 1 1 1 1 1 1 1 1 1 
Case #353: -1
Case #354: 37 2 2 2 2 1 1 1 1 1 1 1 1 1 1 1 1 1 1 1 1 1 1 1 1 1 1 1 1 1 1 1 1 1 1 1 1 1 
Case #355: 13 7 11 13 1 1 1 1 1 1 1 1 1 1 
Case #356: 17 2 2 3 3 3 3 3 7 7 1 1 1 1 1 1 1 1 
Case #357: 12 2 2 2 2 2 3 3 5 17 1 1 1 
Case #358: -1
Case #359: 14 2 2 2 2 2 2 2 3 7 13 1 1 1 1 
Case #360: 14 2 2 2 2 2 2 2 5 7 11 1 1 1 1 
Case #361: 10 2 3 3 5 7 7 11 1 1 1 
Case #362: 14 2 2 2 2 2 2 2 3 5 5 5 7 1 1 
Case #363: 14 2 2 2 2 2 3 5 5 13 1 1 1 1 1 
Case #364: 21 2 2 2 2 2 2 2 2 2 2 2 2 2 2 7 1 1 1 1 1 1 
Case #365: -1
Case #366: -1
Case #367: 20 2 3 3 3 5 5 7 1 1 1 1 1 1 1 1 1 1 1 1 1 
Case #368: 25 2 2 2 2 2 2 3 5 5 1 1 1 1 1 1 1 1 1 1 1 1 1 1 1 1 
Case #369: 28 2 7 7 1 1 1 1 1 1 1 1 1 1 1 1 1 1 1 1 1 1 1 1 1 1 1 1 1 
Case #370: -1
Case #371: 19 2 2 3 3 3 5 11 1 1 1 1 1 1 1 1 1 1 1 1 
Case #372: 16 2 2 2 2 2 3 3 3 3 5 5 5 1 1 1 1 
Case #373: 26 2 2 2 2 2 2 2 2 2 2 2 3 3 1 1 1 1 1 1 1 1 1 1 1 1 1 
Case #374: 34 2 2 2 3 3 1 1 1 1 1 1 1 1 1 1 1 1 1 1 1 1 1 1 1 1 1 1 1 1 1 1 1 1 1 
Case #375: 30 2 11 1 1 1 1 1 1 1 1 1 1 1 1 1 1 1 1 1 1 1 1 1 1 1 1 1 1 1 1 
Case #376: 25 2 2 3 3 3 3 3 3 3 1 1 1 1 1 1 1 1 1 1 1 1 1 1 1 1 
Case #377: -1
Case #378: -1
Case #379: 17 2 2 2 2 2 2 7 13 1 1 1 1 1 1 1 1 1 
Case #380: 28 2 2 2 3 3 7 1 1 1 1 1 1 1 1 1 1 1 1 1 1 1 1 1 1 1 1 1 1 
Case #381: -1
Case #382: 24 2 2 2 2 2 2 2 2 2 3 3 3 3 1 1 1 1 1 1 1 1 1 1 1 
Case #383: 33 2 2 2 2 2 2 3 1 1 1 1 1 1 1 1 1 1 1 1 1 1 1 1 1 1 1 1 1 1 1 1 1 1 
Case #384: 16 2 3 3 3 3 5 5 5 5 1 1 1 1 1 1 1 
Case #385: 26 2 2 2 2 2 2 2 2 2 2 2 2 2 2 2 1 1 1 1 1 1 1 1 1 1 1 
Case #386: -1
Case #387: 15 2 2 2 2 2 2 3 5 5 11 1 1 1 1 1 
Case #388: -1
Case #389: 19 2 2 3 3 5 13 1 1 1 1 1 1 1 1 1 1 1 1 1 
Case #390: 24 2 2 2 2 2 2 2 3 3 3 5 1 1 1 1 1 1 1 1 1 1 1 1 1 
Case #391: 26 2 2 2 3 3 3 3 5 1 1 1 1 1 1 1 1 1 1 1 1 1 1 1 1 1 1 
Case #392: 10 2 3 3 3 3 5 19 1 1 1 
Case #393: 23 2 2 2 2 2 2 3 3 5 5 1 1 1 1 1 1 1 1 1 1 1 1 1 
Case #394: 19 2 2 2 2 2 2 2 2 2 2 2 2 3 5 5 1 1 1 1 
Case #395: 12 2 2 2 3 3 5 7 7 7 1 1 1 
Case #396: -1
Case #397: 18 2 3 3 3 5 7 7 1 1 1 1 1 1 1 1 1 1 1 
Case #398: 16 2 2 2 3 3 5 5 5 7 1 1 1 1 1 1 1 
Case #399: 18 2 2 2 2 2 2 2 3 3 5 5 5 1 1 1 1 1 1 
Case #400: -1
Case #401: 24 2 3 3 3 3 3 3 5 1 1 1 1 1 1 1 1 1 1 1 1 1 1 1 1 
Case #402: 32 2 2 2 7 1 1 1 1 1 1 1 1 1 1 1 1 1 1 1 1 1 1 1 1 1 1 1 1 1 1 1 1 
Case #403: 31 3 3 3 5 1 1 1 1 1 1 1 1 1 1 1 1 1 1 1 1 1 1 1 1 1 1 1 1 1 1 1 
Case #404: 14 2 2 2 3 3 5 7 11 1 1 1 1 1 1 
Case #405: -1
Case #406: 18 2 2 2 5 5 7 7 1 1 1 1 1 1 1 1 1 1 1 
Case #407: 10 2 2 2 3 7 11 11 1 1 1 
Case #408: -1
Case #409: 24 2 2 2 2 2 2 2 2 2 3 3 5 1 1 1 1 1 1 1 1 1 1 1 1 
Case #410: 8 2 2 2 3 29 1 1 1 
Case #411: 14 2 2 2 2 2 3 3 3 3 5 11 1 1 1 
Case #412: 29 5 5 5 1 1 1 1 1 1 1 1 1 1 1 1 1 1 1 1 1 1 1 1 1 1 1 1 1 1 
Case #413: 23 2 2 17 1 1 1 1 1 1 1 1 1 1 1 1 1 1 1 1 1 1 1 1 
Case #414: -1
Case #415: 17 2 2 2 2 2 2 2 2 3 3 5 5 5 1 1 1 1 
Case #416: 19 2 2 2 2 3 3 3 5 5 5 1 1 1 1 1 1 1 1 1 
Case #417: 16 2 2 2 2 2 3 3 3 5 5 7 1 1 1 1 1 
Case #418: 10 2 2 2 3 5 7 7 11 1 1 
Case #419: 16 2 2 2 2 2 3 3 3 3 7 7 1 1 1 1 1 
Case #420: -1
Case #421: 15 2 2 2 2 2 2 2 2 3 17 1 1 1 1 1 
Case #422: 20 2 2 2 3 3 3 3 3 3 7 1 1 1 1 1 1 1 1 1 1 
Case #423: 13 2 2 2 2 2 2 3 5 5 7 7 1 1 
Case #424: 21 2 2 2 2 2 2 3 3 3 5 5 1 1 1 1 1 1 1 1 1 1 
Case #425: 28 2 2 2 2 2 2 2 2 2 3 3 1 1 1 1 1 1 1 1 1 1 1 1 1 1 1 1 1 
Case #426: 20 2 2 2 2 2 2 2 3 3 3 3 7 1 1 1 1 1 1 1 1 
Case #427: 19 2 2 2 2 2 2 2 2 3 3 5 7 1 1 1 1 1 1 1 
Case #428: 20 2 2 2 2 2 3 5 11 1 1 1 1 1 1 1 1 1 1 1 1 
Case #429: 20 2 3 5 5 5 7 1 1 1 1 1 1 1 1 1 1 1 1 1 1 
Case #430: -1
Case #431: 36 2 2 2 2 2 1 1 1 1 1 1 1 1 1 1 1 1 1 1 1 1 1 1 1 1 1 1 1 1 1 1 1 1 1 1 1 
Case #432: 17 2 2 3 5 5 7 7 1 1 1 1 1 1 1 1 1 1 
Case #433: 14 2 2 2 2 2 2 2 3 19 1 1 1 1 1 
Case #434: 21 2 2 2 2 2 2 2 2 2 2 3 3 7 1 1 1 1 1 1 1 1 
Case #435: 16 2 2 2 2 2 2 2 2 2 3 5 5 7 1 1 1 
Case #436: 19 2 2 2 2 2 2 3 3 3 11 1 1 1 1 1 1 1 1 1 
Case #437: 24 2 2 2 2 2 2 2 2 2 2 2 2 2 2 2 3 1 1 1 1 1 1 1 1 
Case #438: 25 2 2 2 2 2 2 3 3 7 1 1 1 1 1 1 1 1 1 1 1 1 1 1 1 1 
Case #439: -1
Case #440: -1
Case #441: 14 2 2 2 5 5 5 7 7 1 1 1 1 1 1 
Case #442: 16 2 2 2 3 3 3 3 3 7 7 1 1 1 1 1 1 
Case #443: 21 2 2 2 2 3 3 7 7 1 1 1 1 1 1 1 1 1 1 1 1 1 
Case #444: 33 2 2 2 2 5 1 1 1 1 1 1 1 1 1 1 1 1 1 1 1 1 1 1 1 1 1 1 1 1 1 1 1 1 
Case #445: 25 7 11 1 1 1 1 1 1 1 1 1 1 1 1 1 1 1 1 1 1 1 1 1 1 1 
Case #446: 13 2 2 3 3 5 7 13 1 1 1 1 1 1 
Case #447: -1
Case #448: 21 2 2 2 2 2 2 3 5 5 5 1 1 1 1 1 1 1 1 1 1 1 
Case #449: 25 2 2 2 2 2 2 3 3 3 5 1 1 1 1 1 1 1 1 1 1 1 1 1 1 1 
Case #450: 21 2 2 2 2 2 2 3 3 3 3 3 5 1 1 1 1 1 1 1 1 1 
Case #451: 22 2 2 2 2 2 2 2 2 2 2 2 2 2 7 1 1 1 1 1 1 1 1 
Case #452: 18 2 3 3 3 5 13 1 1 1 1 1 1 1 1 1 1 1 1 
Case #453: 31 2 2 3 7 1 1 1 1 1 1 1 1 1 1 1 1 1 1 1 1 1 1 1 1 1 1 1 1 1 1 1 
Case #454: 16 2 2 2 3 3 5 5 11 1 1 1 1 1 1 1 1 
Case #455: 25 2 2 2 2 3 5 7 1 1 1 1 1 1 1 1 1 1 1 1 1 1 1 1 1 1 
Case #456: 24 2 2 2 3 3 3 3 7 1 1 1 1 1 1 1 1 1 1 1 1 1 1 1 1 
Case #457: 16 2 2 2 3 3 7 13 1 1 1 1 1 1 1 1 1 
Case #458: 15 2 2 3 3 3 5 5 5 7 1 1 1 1 1 1 
Case #459: 16 2 2 2 2 2 3 3 3 3 13 1 1 1 1 1 1 
Case #460: 20 2 2 2 2 2 3 3 3 3 3 3 5 1 1 1 1 1 1 1 1 
Case #461: 26 2 3 13 1 1 1 1 1 1 1 1 1 1 1 1 1 1 1 1 1 1 1 1 1 1 1 
Case #462: 22 2 2 2 2 2 2 2 2 2 5 7 1 1 1 1 1 1 1 1 1 1 1 
Case #463: -1
Case #464: 18 2 2 2 2 2 2 2 3 3 3 3 5 5 1 1 1 1 1 
Case #465: -1
Case #466: 15 2 2 2 2 2 2 2 2 2 2 3 5 11 1 1 
Case #467: 29 3 11 1 1 1 1 1 1 1 1 1 1 1 1 1 1 1 1 1 1 1 1 1 1 1 1 1 1 1 
Case #468: 19 2 2 3 3 3 3 3 3 3 3 5 1 1 1 1 1 1 1 1 
Case #469: 28 2 2 2 2 2 2 2 3 3 3 1 1 1 1 1 1 1 1 1 1 1 1 1 1 1 1 1 1 
Case #470: 12 2 3 3 5 5 5 13 1 1 1 1 1 
Case #471: 16 2 2 2 2 2 2 2 3 5 7 7 1 1 1 1 1 
Case #472: 21 2 2 2 2 2 2 2 2 3 5 7 1 1 1 1 1 1 1 1 1 1 
Case #473: 19 2 2 2 2 3 3 3 3 3 3 3 5 1 1 1 1 1 1 1 
Case #474: 23 2 2 2 2 2 2 2 2 2 2 2 2 7 1 1 1 1 1 1 1 1 1 1 
Case #475: 19 2 2 2 2 2 2 2 2 2 2 3 11 1 1 1 1 1 1 1 
Case #476: 16 2 2 2 3 3 3 5 7 7 1 1 1 1 1 1 1 
Case #477: 26 2 3 3 5 7 1 1 1 1 1 1 1 1 1 1 1 1 1 1 1 1 1 1 1 1 1 
Case #478: 34 2 2 2 2 2 2 2 1 1 1 1 1 1 1 1 1 1 1 1 1 1 1 1 1 1 1 1 1 1 1 1 1 1 1 
Case #479: 28 2 2 2 11 1 1 1 1 1 1 1 1 1 1 1 1 1 1 1 1 1 1 1 1 1 1 1 1 
Case #480: 21 2 2 2 2 2 2 2 2 3 3 3 7 1 1 1 1 1 1 1 1 1 
Case #481: 17 2 2 3 3 3 3 5 11 1 1 1 1 1 1 1 1 1 
Case #482: -1
Case #483: 28 2 2 2 2 2 2 2 2 2 5 1 1 1 1 1 1 1 1 1 1 1 1 1 1 1 1 1 1 
Case #484: 16 2 2 2 5 5 5 11 1 1 1 1 1 1 1 1 1 
Case #485: 14 2 3 3 3 3 3 3 3 5 5 5 1 1 1 
Case #486: 26 2 3 3 3 3 7 1 1 1 1 1 1 1 1 1 1 1 1 1 1 1 1 1 1 1 1 
Case #487: 22 2 2 2 2 2 2 2 3 3 3 3 3 3 1 1 1 1 1 1 1 1 1 
Case #488: 15 2 2 3 3 3 3 3 5 5 7 1 1 1 1 1 
Case #489: 21 2 2 2 2 2 2 2 2 2 2 2 2 3 3 3 3 1 1 1 1 1 
Case #490: 24 2 2 2 2 2 3 3 3 3 3 3 1 1 1 1 1 1 1 1 1 1 1 1 1 
Case #491: 13 2 2 3 3 3 3 5 5 11 1 1 1 1 
Case #492: 14 2 3 3 5 5 5 5 7 1 1 1 1 1 1 
Case #493: 20 2 2 2 3 7 11 1 1 1 1 1 1 1 1 1 1 1 1 1 1 
Case #494: -1
Case #495: -1
Case #496: 30 2 2 2 2 2 2 2 5 1 1 1 1 1 1 1 1 1 1 1 1 1 1 1 1 1 1 1 1 1 1 
Case #497: -1
Case #498: 12 2 3 3 5 5 5 7 7 1 1 1 1 
Case #499: -1
Case #500: 22 2 2 2 3 3 3 3 3 3 5 1 1 1 1 1 1 1 1 1 1 1 1 
Case #501: 19 2 2 2 2 2 2 5 13 1 1 1 1 1 1 1 1 1 1 1 
Case #502: 13 5 7 19 1 1 1 1 1 1 1 1 1 1 
Case #503: 10 2 31 1 1 1 1 1 1 1 1 
Case #504: 17 2 2 2 2 2 2 3 3 5 5 7 1 1 1 1 1 1 
Case #505: 20 2 2 2 2 2 2 2 2 2 3 3 3 3 5 1 1 1 1 1 1 
Case #506: -1
Case #507: 23 2 2 3 5 11 1 1 1 1 1 1 1 1 1 1 1 1 1 1 1 1 1 1 
Case #508: -1
Case #509: 17 2 2 2 2 2 2 3 3 3 3 3 5 5 1 1 1 1 
Case #510: 15 2 2 2 2 2 2 3 3 3 5 5 7 1 1 1 
Case #511: -1
Case #512: 21 2 2 2 2 2 2 2 2 7 7 1 1 1 1 1 1 1 1 1 1 1 
Case #513: 29 13 1 1 1 1 1 1 1 1 1 1 1 1 1 1 1 1 1 1 1 1 1 1 1 1 1 1 1 1 
Case #514: 19 2 2 2 2 2 2 2 2 2 2 2 2 3 3 3 5 1 1 1 
Case #515: 13 2 2 2 2 3 5 7 13 1 1 1 1 1 
Case #516: 27 3 3 3 3 7 1 1 1 1 1 1 1 1 1 1 1 1 1 1 1 1 1 1 1 1 1 1 
Case #517: 25 2 2 2 2 3 3 5 5 1 1 1 1 1 1 1 1 1 1 1 1 1 1 1 1 1 
Case #518: 33 5 5 1 1 1 1 1 1 1 1 1 1 1 1 1 1 1 1 1 1 1 1 1 1 1 1 1 1 1 1 1 1 1 
Case #519: -1
Case #520: 11 2 2 2 2 3 3 7 17 1 1 1 
Case #521: -1
Case #522: 11 2 2 2 2 3 3 11 13 1 1 1 
Case #523: 27 2 2 2 2 2 2 3 3 3 3 1 1 1 1 1 1 1 1 1 1 1 1 1 1 1 1 1 
Case #524: 21 2 2 2 2 2 2 2 2 2 2 2 2 2 2 2 2 3 3 1 1 1 
Case #525: -1
Case #526: -1
Case #527: 12 2 2 2 2 2 2 2 3 11 11 1 1 
Case #528: 5 37 1 1 1 1 
Case #529: 41 1 1 1 1 1 1 1 1 1 1 1 1 1 1 1 1 1 1 1 1 1 1 1 1 1 1 1 1 1 1 1 1 1 1 1 1 1 1 1 1 1 
Case #530: 26 2 2 2 2 2 3 3 7 1 1 1 1 1 1 1 1 1 1 1 1 1 1 1 1 1 1 
Case #531: 21 2 2 2 2 2 2 2 2 2 2 11 1 1 1 1 1 1 1 1 1 1 
Case #532: 23 2 2 2 2 2 2 2 2 3 3 3 3 3 1 1 1 1 1 1 1 1 1 1 
Case #533: 34 2 3 5 1 1 1 1 1 1 1 1 1 1 1 1 1 1 1 1 1 1 1 1 1 1 1 1 1 1 1 1 1 1 1 
Case #534: 17 2 2 2 2 2 2 2 2 3 5 5 7 1 1 1 1 1 
Case #535: 3 5 17 19 
Case #536: 22 2 2 2 2 2 2 2 2 2 3 3 3 3 3 1 1 1 1 1 1 1 1 
Case #537: 16 2 2 2 3 3 3 3 3 3 3 3 3 5 1 1 1 
Case #538: 26 2 2 2 2 2 2 2 2 2 2 2 5 1 1 1 1 1 1 1 1 1 1 1 1 1 1 
Case #539: 24 2 2 2 2 2 2 2 2 2 2 2 3 3 3 1 1 1 1 1 1 1 1 1 1 
Case #540: 12 2 3 3 3 3 3 5 5 11 1 1 1 
Case #541: 13 2 2 3 3 5 7 7 7 1 1 1 1 1 
Case #542: -1
Case #543: 23 2 2 2 2 2 2 3 5 7 1 1 1 1 1 1 1 1 1 1 1 1 1 1 
Case #544: 24 2 3 3 3 3 3 3 3 3 1 1 1 1 1 1 1 1 1 1 1 1 1 1 1 
Case #545: 17 2 2 2 2 2 2 3 3 3 3 3 3 3 5 1 1 1 
Case #546: 14 2 2 2 2 2 2 2 3 5 5 11 1 1 1 
Case #547: -1
Case #548: 25 3 3 7 7 1 1 1 1 1 1 1 1 1 1 1 1 1 1 1 1 1 1 1 1 1 
Case #549: 17 2 2 2 2 2 2 2 2 3 3 3 11 1 1 1 1 1 
Case #550: 14 2 2 2 2 2 3 5 7 11 1 1 1 1 1 
Case #551: 23 3 3 3 5 5 5 1 1 1 1 1 1 1 1 1 1 1 1 1 1 1 1 1 
Case #552: 20 2 2 2 2 2 2 2 2 2 3 3 3 7 1 1 1 1 1 1 1 
Case #553: 39 2 2 1 1 1 1 1 1 1 1 1 1 1 1 1 1 1 1 1 1 1 1 1 1 1 1 1 1 1 1 1 1 1 1 1 1 1 1 1 
Case #554: 17 2 2 3 5 5 13 1 1 1 1 1 1 1 1 1 1 1 
Case #555: -1
Case #556: 25 2 2 2 2 2 2 2 2 2 2 2 2 5 1 1 1 1 1 1 1 1 1 1 1 1 
Case #557: -1
Case #558: 9 2 2 2 2 3 11 17 1 1 
Case #559: -1
Case #560: 14 2 2 2 2 2 2 2 3 3 7 11 1 1 1 
Case #561: 27 2 2 3 5 7 1 1 1 1 1 1 1 1 1 1 1 1 1 1 1 1 1 1 1 1 1 1 
Case #562: 19 2 2 2 2 2 2 3 3 3 3 5 5 1 1 1 1 1 1 1 
Case #563: 26 2 3 3 3 3 3 3 3 1 1 1 1 1 1 1 1 1 1 1 1 1 1 1 1 1 1 
Case #564: 24 2 2 2 3 3 11 1 1 1 1 1 1 1 1 1 1 1 1 1 1 1 1 1 1 
Case #565: 20 2 3 3 3 3 3 11 1 1 1 1 1 1 1 1 1 1 1 1 1 
Case #566: 18 2 2 2 2 2 3 3 3 3 5 7 1 1 1 1 1 1 1 
Case #567: -1
Case #568: 20 2 2 2 2 2 2 2 3 7 7 1 1 1 1 1 1 1 1 1 1 
Case #569: -1
Case #570: 24 2 17 1 1 1 1 1 1 1 1 1 1 1 1 1 1 1 1 1 1 1 1 1 1 
Case #571: -1
Case #572: 11 2 2 2 2 2 2 3 5 19 1 1 
Case #573: 24 2 2 2 3 3 5 7 1 1 1 1 1 1 1 1 1 1 1 1 1 1 1 1 1 
Case #574: 36 2 2 2 3 1 1 1 1 1 1 1 1 1 1 1 1 1 1 1 1 1 1 1 1 1 1 1 1 1 1 1 1 1 1 1 1 
Case #575: 15 2 2 3 3 5 7 11 1 1 1 1 1 1 1 1 
Case #576: 19 2 2 2 2 3 3 3 3 3 3 7 1 1 1 1 1 1 1 1 
Case #577: 17 2 2 2 2 5 5 13 1 1 1 1 1 1 1 1 1 1 
Case #578: 17 2 2 2 2 3 3 3 3 7 7 1 1 1 1 1 1 1 
Case #579: 23 2 2 3 3 3 3 3 7 1 1 1 1 1 1 1 1 1 1 1 1 1 1 1 
Case #580: 18 2 23 1 1 1 1 1 1 1 1 1 1 1 1 1 1 1 1 
Case #581: -1
Case #582: 31 2 2 2 2 2 2 5 1 1 1 1 1 1 1 1 1 1 1 1 1 1 1 1 1 1 1 1 1 1 1 1 
Case #583: 14 2 3 3 3 3 3 3 3 3 5 7 1 1 1 
Case #584: 20 2 2 2 2 2 2 2 2 2 2 2 2 2 2 2 3 5 1 1 1 
Case #585: 27 2 2 3 3 5 5 1 1 1 1 1 1 1 1 1 1 1 1 1 1 1 1 1 1 1 1 1 
Case #586: 27 2 2 3 3 3 3 5 1 1 1 1 1 1 1 1 1 1 1 1 1 1 1 1 1 1 1 1 
Case #587: 21 2 2 2 2 3 5 5 7 1 1 1 1 1 1 1 1 1 1 1 1 1 
Case #588: 23 2 2 2 2 2 2 2 2 2 2 2 2 2 2 2 2 3 1 1 1 1 1 1 
Case #589: -1
Case #590: 9 3 31 1 1 1 1 1 1 1 
Case #591: 29 2 2 2 2 2 2 7 1 1 1 1 1 1 1 1 1 1 1 1 1 1 1 1 1 1 1 1 1 1 
Case #592: 21 2 2 3 5 5 5 5 1 1 1 1 1 1 1 1 1 1 1 1 1 1 
Case #593: 17 2 2 2 2 3 7 7 7 1 1 1 1 1 1 1 1 1 
Case #594: 19 5 19 1 1 1 1 1 1 1 1 1 1 1 1 1 1 1 1 1 
Case #595: -1
Case #596: 24 2 2 2 2 2 3 3 3 3 5 1 1 1 1 1 1 1 1 1 1 1 1 1 1 
Case #597: 16 2 3 3 3 3 3 5 5 7 1 1 1 1 1 1 1 
Case #598: 22 2 2 2 3 3 3 3 3 3 3 3 1 1 1 1 1 1 1 1 1 1 1 
Case #599: 25 2 2 2 2 3 3 3 7 1 1 1 1 1 1 1 1 1 1 1 1 1 1 1 1 1 
Case #600: 21 2 2 2 2 3 3 3 3 3 7 1 1 1 1 1 1 1 1 1 1 1 
Case #601: 30 2 2 2 2 2 3 3 3 1 1 1 1 1 1 1 1 1 1 1 1 1 1 1 1 1 1 1 1 1 1 
Case #602: 12 2 2 2 2 2 3 5 7 13 1 1 1 
Case #603: 28 2 2 2 2 2 2 2 2 2 2 2 3 1 1 1 1 1 1 1 1 1 1 1 1 1 1 1 1 
Case #604: 17 2 2 2 2 3 3 3 3 5 5 5 1 1 1 1 1 1 
Case #605: -1
Case #606: 37 3 3 1 1 1 1 1 1 1 1 1 1 1 1 1 1 1 1 1 1 1 1 1 1 1 1 1 1 1 1 1 1 1 1 1 1 1 
Case #607: -1
Case #608: 25 3 3 13 1 1 1 1 1 1 1 1 1 1 1 1 1 1 1 1 1 1 1 1 1 1 
Case #609: 18 2 2 2 2 2 3 3 3 13 1 1 1 1 1 1 1 1 1 
Case #610: -1
Case #611: 5 19 19 1 1 1 
Case #612: 3 17 23 1 
Case #613: 18 2 2 2 3 3 5 5 5 5 1 1 1 1 1 1 1 1 1 
Case #614: 22 2 2 2 2 2 2 2 2 2 2 2 2 2 2 2 2 2 3 1 1 1 1 
Case #615: 15 2 2 2 2 2 2 3 3 3 5 11 1 1 1 1 
Case #616: 24 2 2 2 2 2 2 2 3 5 5 1 1 1 1 1 1 1 1 1 1 1 1 1 1 
Case #617: 34 2 2 2 5 1 1 1 1 1 1 1 1 1 1 1 1 1 1 1 1 1 1 1 1 1 1 1 1 1 1 1 1 1 1 
Case #618: 23 2 2 3 3 3 3 5 5 1 1 1 1 1 1 1 1 1 1 1 1 1 1 1 
Case #619: 11 2 2 29 1 1 1 1 1 1 1 1 
Case #620: 20 2 2 2 2 2 2 2 3 3 3 3 3 3 3 1 1 1 1 1 1 
Case #621: 16 2 2 2 2 2 3 3 5 7 7 1 1 1 1 1 1 
Case #622: -1
Case #623: 23 2 2 2 2 3 3 11 1 1 1 1 1 1 1 1 1 1 1 1 1 1 1 1 
Case #624: 27 2 2 2 2 2 2 2 2 2 2 3 3 1 1 1 1 1 1 1 1 1 1 1 1 1 1 1 
Case #625: 4 2 37 1 1 
Case #626: 15 2 2 2 2 3 3 3 5 7 7 1 1 1 1 1 
Case #627: 21 2 2 2 2 3 3 3 3 3 3 5 1 1 1 1 1 1 1 1 1 1 
Case #628: 16 2 2 2 2 2 2 2 3 3 3 3 5 7 1 1 1 
Case #629: 21 2 2 2 2 3 3 3 11 1 1 1 1 1 1 1 1 1 1 1 1 1 
Case #630: 24 2 3 3 5 5 5 1 1 1 1 1 1 1 1 1 1 1 1 1 1 1 1 1 1 
Case #631: 20 2 2 2 2 2 3 3 7 7 1 1 1 1 1 1 1 1 1 1 1 
Case #632: -1
Case #633: 23 2 2 2 2 2 2 3 3 3 7 1 1 1 1 1 1 1 1 1 1 1 1 1 
Case #634: -1
Case #635: 14 2 2 2 2 2 3 3 3 7 11 1 1 1 1 
Case #636: -1
Case #637: -1
Case #638: 22 2 3 3 3 5 5 5 1 1 1 1 1 1 1 1 1 1 1 1 1 1 1 
Case #639: 10 2 2 2 2 2 3 13 13 1 1 
Case #640: -1
Case #641: 17 2 2 2 2 2 2 2 2 2 2 3 3 5 7 1 1 1 
Case #642: 18 2 2 2 3 3 3 3 3 11 1 1 1 1 1 1 1 1 1 
Case #643: 15 2 2 3 3 3 3 3 3 7 7 1 1 1 1 1 
Case #644: 16 2 2 2 2 2 2 2 3 3 3 13 1 1 1 1 1 
Case #645: 22 2 2 2 3 3 3 11 1 1 1 1 1 1 1 1 1 1 1 1 1 1 1 
Case #646: 23 2 2 2 2 2 2 2 2 2 2 2 2 2 2 3 3 1 1 1 1 1 1 1 
Case #647: 14 2 2 2 2 2 5 7 13 1 1 1 1 1 1 
Case #648: 34 2 3 3 3 1 1 1 1 1 1 1 1 1 1 1 1 1 1 1 1 1 1 1 1 1 1 1 1 1 1 1 1 1 1 
Case #649: 22 2 3 17 1 1 1 1 1 1 1 1 1 1 1 1 1 1 1 1 1 1 1 
Case #650: 18 2 2 2 2 2 2 2 3 3 3 3 3 7 1 1 1 1 1 
Case #651: 18 2 2 2 3 3 3 5 5 7 1 1 1 1 1 1 1 1 1 
Case #652: -1
Case #653: -1
Case #654: 15 2 2 2 2 3 3 7 7 7 1 1 1 1 1 1 
Case #655: 25 2 2 2 2 5 5 5 1 1 1 1 1 1 1 1 1 1 1 1 1 1 1 1 1 1 
Case #656: 27 2 2 2 2 2 2 5 5 1 1 1 1 1 1 1 1 1 1 1 1 1 1 1 1 1 1 1 
Case #657: 13 2 2 3 5 5 7 11 1 1 1 1 1 1 
Case #658: 13 2 2 2 2 3 3 3 3 5 13 1 1 1 
Case #659: 10 2 3 3 3 5 5 17 1 1 1 
Case #660: 19 2 2 3 3 5 5 5 5 1 1 1 1 1 1 1 1 1 1 1 
Case #661: 21 3 3 3 3 3 3 3 3 5 1 1 1 1 1 1 1 1 1 1 1 1 
Case #662: 24 2 2 2 2 2 2 2 2 2 2 2 2 2 5 1 1 1 1 1 1 1 1 1 1 
Case #663: 18 2 2 2 3 3 3 3 13 1 1 1 1 1 1 1 1 1 1 
Case #664: 24 2 3 3 3 5 7 1 1 1 1 1 1 1 1 1 1 1 1 1 1 1 1 1 1 
Case #665: -1
Case #666: 27 5 11 1 1 1 1 1 1 1 1 1 1 1 1 1 1 1 1 1 1 1 1 1 1 1 1 1 
Case #667: 12 2 3 3 3 5 5 5 5 7 1 1 1 
Case #668: 22 2 2 2 3 5 5 7 1 1 1 1 1 1 1 1 1 1 1 1 1 1 1 
Case #669: 19 2 2 2 2 2 2 2 2 3 3 3 5 5 1 1 1 1 1 1 
Case #670: 22 2 2 2 3 3 7 7 1 1 1 1 1 1 1 1 1 1 1 1 1 1 1 
Case #671: 18 2 2 2 2 2 2 2 2 2 2 2 5 5 5 1 1 1 1 
Case #672: 26 2 2 2 2 2 3 3 3 3 3 1 1 1 1 1 1 1 1 1 1 1 1 1 1 1 1 
Case #673: 11 2 2 2 2 2 2 3 7 17 1 1 
Case #674: 10 2 2 2 3 5 5 7 13 1 1 
Case #675: 19 2 2 2 2 3 7 11 1 1 1 1 1 1 1 1 1 1 1 1 
Case #676: 14 2 2 2 3 3 3 3 7 11 1 1 1 1 1 
Case #677: 17 2 2 3 3 3 7 11 1 1 1 1 1 1 1 1 1 1 
Case #678: 12 2 2 2 2 2 3 5 5 5 11 1 1 
Case #679: 14 2 3 3 5 5 5 11 1 1 1 1 1 1 1 
Case #680: 23 2 2 2 2 2 2 2 2 3 3 3 5 1 1 1 1 1 1 1 1 1 1 1 
Case #681: 16 2 2 2 3 3 3 5 13 1 1 1 1 1 1 1 1 
Case #682: 19 3 3 3 3 3 3 3 3 3 5 1 1 1 1 1 1 1 1 1 
Case #683: 21 2 2 2 2 2 2 2 2 3 3 5 5 1 1 1 1 1 1 1 1 1 
Case #684: 16 2 2 2 2 2 2 2 2 2 2 2 3 7 7 1 1 
Case #685: 23 3 3 3 7 7 1 1 1 1 1 1 1 1 1 1 1 1 1 1 1 1 1 1 
Case #686: 16 2 3 5 7 13 1 1 1 1 1 1 1 1 1 1 1 
Case #687: 18 2 2 2 3 5 5 5 7 1 1 1 1 1 1 1 1 1 1 
Case #688: 18 2 2 2 2 2 2 2 2 2 5 5 7 1 1 1 1 1 1 
Case #689: 19 2 2 2 2 2 2 2 2 3 3 3 3 7 1 1 1 1 1 1 
Case #690: 17 2 2 2 2 2 2 2 2 2 2 3 13 1 1 1 1 1 
Case #691: 12 2 2 2 3 3 5 19 1 1 1 1 1 
Case #692: 21 2 2 2 2 2 2 2 2 3 3 3 3 5 1 1 1 1 1 1 1 1 
Case #693: 20 2 2 2 2 2 2 2 3 3 3 5 5 1 1 1 1 1 1 1 1 
Case #694: 31 2 2 3 3 5 1 1 1 1 1 1 1 1 1 1 1 1 1 1 1 1 1 1 1 1 1 1 1 1 1 1 
Case #695: 23 2 2 2 2 2 2 2 2 2 2 2 2 3 5 1 1 1 1 1 1 1 1 1 
Case #696: 7 17 19 1 1 1 1 1 
Case #697: 17 2 2 2 2 2 2 3 3 3 3 11 1 1 1 1 1 1 
Case #698: 19 2 2 2 2 2 2 2 2 5 5 7 1 1 1 1 1 1 1 1 
Case #699: 24 2 2 2 2 2 2 2 5 7 1 1 1 1 1 1 1 1 1 1 1 1 1 1 1 
Case #700: 18 2 2 2 3 3 3 3 7 7 1 1 1 1 1 1 1 1 1 
Case #701: 16 2 2 2 2 2 2 2 3 5 5 5 5 1 1 1 1 
Case #702: 19 2 2 2 2 2 2 3 5 5 7 1 1 1 1 1 1 1 1 1 
Case #703: 18 2 2 2 2 2 2 2 2 2 3 3 11 1 1 1 1 1 1 
Case #704: -1
Case #705: 17 2 2 2 2 2 2 2 2 2 2 3 7 7 1 1 1 1 
Case #706: -1
Case #707: 19 2 2 2 2 3 3 3 13 1 1 1 1 1 1 1 1 1 1 1 
Case #708: -1
Case #709: 17 2 2 2 2 3 3 3 3 3 3 3 3 5 1 1 1 1 
Case #710: 31 3 5 5 1 1 1 1 1 1 1 1 1 1 1 1 1 1 1 1 1 1 1 1 1 1 1 1 1 1 1 1 
Case #711: 17 2 2 2 2 2 2 3 3 3 13 1 1 1 1 1 1 1 
Case #712: 24 2 2 2 2 2 2 2 2 2 2 2 2 2 3 3 1 1 1 1 1 1 1 1 1 
Case #713: 18 2 2 2 2 2 2 2 2 2 3 5 5 5 1 1 1 1 1 
Case #714: 17 2 2 3 3 3 3 5 5 7 1 1 1 1 1 1 1 1 
Case #715: 17 2 2 2 2 2 2 3 5 7 7 1 1 1 1 1 1 1 
Case #716: 27 3 3 3 3 3 5 1 1 1 1 1 1 1 1 1 1 1 1 1 1 1 1 1 1 1 1 1 
Case #717: 26 2 2 2 2 2 3 3 3 5 1 1 1 1 1 1 1 1 1 1 1 1 1 1 1 1 1 
Case #718: 18 2 3 3 3 7 11 1 1 1 1 1 1 1 1 1 1 1 1 
Case #719: 17 2 2 23 1 1 1 1 1 1 1 1 1 1 1 1 1 1 
Case #720: 16 2 2 2 2 2 3 3 3 3 3 3 5 5 1 1 1 
Case #721: 25 2 2 2 2 2 2 2 2 3 3 3 3 1 1 1 1 1 1 1 1 1 1 1 1 1 
Case #722: 16 2 2 2 3 3 3 3 3 3 5 7 1 1 1 1 1 
Case #723: 13 2 2 2 2 3 3 5 17 1 1 1 1 1 
Case #724: 20 2 2 2 2 2 2 2 2 2 3 3 5 5 1 1 1 1 1 1 1 
Case #725: 22 2 3 3 3 3 3 3 3 5 1 1 1 1 1 1 1 1 1 1 1 1 1 
Case #726: 20 2 2 2 2 2 2 2 2 2 2 2 3 3 7 1 1 1 1 1 1 
Case #727: 13 2 2 3 3 3 5 5 13 1 1 1 1 1 
Case #728: 32 2 5 5 1 1 1 1 1 1 1 1 1 1 1 1 1 1 1 1 1 1 1 1 1 1 1 1 1 1 1 1 1 
Case #729: -1
Case #730: 17 3 23 1 1 1 1 1 1 1 1 1 1 1 1 1 1 1 
Case #731: 19 2 2 2 2 2 2 2 2 2 2 3 3 5 5 1 1 1 1 1 
Case #732: 32 2 2 2 2 2 5 1 1 1 1 1 1 1 1 1 1 1 1 1 1 1 1 1 1 1 1 1 1 1 1 1 1 
Case #733: 15 2 2 2 2 5 5 5 5 7 1 1 1 1 1 1 
Case #734: 17 2 2 3 3 5 5 5 7 1 1 1 1 1 1 1 1 1 
Case #735: 15 2 2 2 2 3 5 5 7 7 1 1 1 1 1 1 
Case #736: 26 2 2 2 2 2 2 2 3 3 3 3 1 1 1 1 1 1 1 1 1 1 1 1 1 1 1 
Case #737: 17 2 2 3 3 3 5 5 5 5 1 1 1 1 1 1 1 1 
Case #738: -1
Case #739: 35 3 5 1 1 1 1 1 1 1 1 1 1 1 1 1 1 1 1 1 1 1 1 1 1 1 1 1 1 1 1 1 1 1 1 1 
Case #740: 12 2 2 2 2 2 3 5 7 7 7 1 1 
Case #741: 23 7 13 1 1 1 1 1 1 1 1 1 1 1 1 1 1 1 1 1 1 1 1 1 
Case #742: 20 2 2 2 2 2 2 2 2 2 3 5 7 1 1 1 1 1 1 1 1 
Case #743: 15 2 2 2 2 3 3 3 3 5 5 7 1 1 1 1 
Case #744: 20 2 2 2 3 3 3 3 3 3 3 5 1 1 1 1 1 1 1 1 1 
Case #745: 18 2 2 2 3 3 3 3 3 5 7 1 1 1 1 1 1 1 1 
Case #746: 19 2 2 2 2 2 2 2 2 2 2 3 3 3 3 5 1 1 1 1 
Case #747: -1
Case #748: 20 2 2 2 2 2 2 2 3 3 3 3 3 5 1 1 1 1 1 1 1 
Case #749: 18 2 2 2 2 2 3 17 1 1 1 1 1 1 1 1 1 1 1 
Case #750: 18 2 2 2 3 3 3 3 3 3 3 3 3 3 1 1 1 1 1 
Case #751: 26 2 2 2 2 2 2 2 2 2 7 1 1 1 1 1 1 1 1 1 1 1 1 1 1 1 1 
Case #752: 21 2 2 3 3 3 3 3 5 5 1 1 1 1 1 1 1 1 1 1 1 1 
Case #753: 31 2 2 2 2 7 1 1 1 1 1 1 1 1 1 1 1 1 1 1 1 1 1 1 1 1 1 1 1 1 1 1 
Case #754: 17 2 2 2 2 3 5 5 5 7 1 1 1 1 1 1 1 1 
Case #755: 20 2 2 2 2 2 3 3 3 3 5 5 1 1 1 1 1 1 1 1 1 
Case #756: 22 2 2 2 2 2 3 3 5 7 1 1 1 1 1 1 1 1 1 1 1 1 1 
Case #757: 15 2 2 2 2 3 5 5 5 5 5 1 1 1 1 1 
Case #758: 24 2 2 2 2 2 5 5 5 1 1 1 1 1 1 1 1 1 1 1 1 1 1 1 1 
Case #759: 30 2 5 7 1 1 1 1 1 1 1 1 1 1 1 1 1 1 1 1 1 1 1 1 1 1 1 1 1 1 1 
Case #760: 26 2 2 2 2 2 2 2 2 2 2 2 2 2 3 1 1 1 1 1 1 1 1 1 1 1 1 
Case #761: 17 2 2 3 3 3 3 3 3 5 7 1 1 1 1 1 1 1 
Case #762: 14 2 2 2 3 3 3 3 5 13 1 1 1 1 1 
Case #763: 20 2 2 2 2 2 2 2 2 2 2 2 2 2 2 2 2 2 5 1 1 
Case #764: -1
Case #765: 20 2 2 2 2 2 3 5 5 7 1 1 1 1 1 1 1 1 1 1 1 
Case #766: 35 3 3 3 1 1 1 1 1 1 1 1 1 1 1 1 1 1 1 1 1 1 1 1 1 1 1 1 1 1 1 1 1 1 1 1 
Case #767: 12 2 2 2 3 3 3 5 5 13 1 1 1 
Case #768: 24 2 2 2 2 2 2 2 3 3 3 3 3 1 1 1 1 1 1 1 1 1 1 1 1 
Case #769: 21 2 2 3 3 3 3 3 3 3 5 1 1 1 1 1 1 1 1 1 1 1 
Case #770: 21 2 2 2 2 3 3 5 5 5 1 1 1 1 1 1 1 1 1 1 1 1 
Case #771: 22 2 2 2 2 2 2 2 3 3 5 5 1 1 1 1 1 1 1 1 1 1 1 
Case #772: 26 2 2 2 2 2 2 2 3 7 1 1 1 1 1 1 1 1 1 1 1 1 1 1 1 1 1 
Case #773: 18 2 2 2 2 2 2 2 3 3 3 3 3 3 5 1 1 1 1 
Case #774: -1
Case #775: 20 2 2 2 2 2 2 2 2 2 3 3 3 3 3 3 1 1 1 1 1 
Case #776: 7 5 7 7 19 1 1 1 
Case #777: 14 2 2 2 2 2 3 3 3 17 1 1 1 1 1 
Case #778: 28 2 3 11 1 1 1 1 1 1 1 1 1 1 1 1 1 1 1 1 1 1 1 1 1 1 1 1 1 
Case #779: 19 2 2 2 2 2 2 2 2 3 5 5 5 1 1 1 1 1 1 1 
Case #780: 21 2 2 2 2 2 2 3 3 3 3 3 3 3 1 1 1 1 1 1 1 1 
Case #781: 14 2 2 2 5 5 7 11 1 1 1 1 1 1 1 
Case #782: 18 2 3 3 5 5 5 7 1 1 1 1 1 1 1 1 1 1 1 
Case #783: 10 2 3 3 5 23 1 1 1 1 1 
Case #784: 15 2 2 2 2 3 3 3 5 13 1 1 1 1 1 1 
Case #785: 25 2 2 3 5 5 5 1 1 1 1 1 1 1 1 1 1 1 1 1 1 1 1 1 1 1 
Case #786: 21 2 2 3 5 7 7 1 1 1 1 1 1 1 1 1 1 1 1 1 1 1 
Case #787: 21 2 2 2 2 2 2 2 2 5 5 5 1 1 1 1 1 1 1 1 1 1 
Case #788: 22 2 2 2 2 2 3 3 11 1 1 1 1 1 1 1 1 1 1 1 1 1 1 
Case #789: 29 7 7 1 1 1 1 1 1 1 1 1 1 1 1 1 1 1 1 1 1 1 1 1 1 1 1 1 1 1 
Case #790: -1
Case #791: 18 2 2 2 2 2 3 3 3 7 7 1 1 1 1 1 1 1 1 
Case #792: 16 2 2 2 7 7 11 1 1 1 1 1 1 1 1 1 1 
Case #793: 23 2 2 2 2 2 2 2 2 2 2 2 2 2 2 5 1 1 1 1 1 1 1 1 
Case #794: 18 2 2 2 3 3 3 3 3 3 3 3 5 1 1 1 1 1 1 
Case #795: 17 2 2 3 3 3 3 3 3 11 1 1 1 1 1 1 1 1 
Case #796: 20 2 2 2 2 2 2 2 5 11 1 1 1 1 1 1 1 1 1 1 1 
Case #797: 25 2 2 3 3 5 7 1 1 1 1 1 1 1 1 1 1 1 1 1 1 1 1 1 1 1 
Case #798: 13 2 2 2 2 3 3 5 5 7 7 1 1 1 
Case #799: -1
Case #800: 17 2 2 3 3 3 3 3 3 3 3 3 5 1 1 1 1 1 
Case #801: 23 2 2 2 2 2 2 2 2 5 7 1 1 1 1 1 1 1 1 1 1 1 1 1 
Case #802: -1
Case #803: 25 2 2 2 2 2 2 2 2 3 7 1 1 1 1 1 1 1 1 1 1 1 1 1 1 1 
Case #804: 21 2 2 2 2 2 2 3 7 7 1 1 1 1 1 1 1 1 1 1 1 1 
Case #805: 21 2 2 2 2 5 5 5 5 1 1 1 1 1 1 1 1 1 1 1 1 1 
Case #806: 10 2 3 3 3 5 11 11 1 1 1 
Case #807: 19 2 2 2 2 2 2 5 7 7 1 1 1 1 1 1 1 1 1 1 
Case #808: 26 2 2 2 3 3 3 7 1 1 1 1 1 1 1 1 1 1 1 1 1 1 1 1 1 1 1 
Case #809: 28 2 2 2 2 2 3 3 5 1 1 1 1 1 1 1 1 1 1 1 1 1 1 1 1 1 1 1 1 
Case #810: -1
Case #811: 32 2 2 2 3 3 3 1 1 1 1 1 1 1 1 1 1 1 1 1 1 1 1 1 1 1 1 1 1 1 1 1 1 
Case #812: 25 2 2 2 2 2 2 3 3 3 3 3 1 1 1 1 1 1 1 1 1 1 1 1 1 1 
Case #813: 21 2 2 3 3 3 5 5 5 1 1 1 1 1 1 1 1 1 1 1 1 1 
Case #814: 19 2 2 2 2 2 2 2 2 2 2 3 3 3 7 1 1 1 1 1 
Case #815: 14 2 3 3 3 5 5 13 1 1 1 1 1 1 1 
Case #816: 29 2 2 11 1 1 1 1 1 1 1 1 1 1 1 1 1 1 1 1 1 1 1 1 1 1 1 1 1 1 
Case #817: 20 2 2 2 2 2 2 2 3 5 5 5 1 1 1 1 1 1 1 1 1 
Case #818: 18 2 2 2 3 3 5 7 7 1 1 1 1 1 1 1 1 1 1 
Case #819: 29 2 2 3 3 3 5 1 1 1 1 1 1 1 1 1 1 1 1 1 1 1 1 1 1 1 1 1 1 1 
Case #820: 24 2 2 2 2 2 3 5 7 1 1 1 1 1 1 1 1 1 1 1 1 1 1 1 1 
Case #821: 17 2 2 2 2 2 2 2 2 3 3 13 1 1 1 1 1 1 
Case #822: 17 2 2 2 2 3 3 3 5 5 7 1 1 1 1 1 1 1 
Case #823: 14 2 2 2 2 2 3 3 3 5 7 7 1 1 1 
Case #824: -1
Case #825: 10 2 3 3 5 7 17 1 1 1 1 
Case #826: 15 2 2 2 2 3 3 3 3 3 5 5 5 1 1 1 
Case #827: 12 2 29 1 1 1 1 1 1 1 1 1 1 
Case #828: 17 2 2 2 2 2 2 2 2 2 2 5 5 7 1 1 1 1 
Case #829: 20 2 3 3 3 3 3 3 3 3 5 1 1 1 1 1 1 1 1 1 1 
Case #830: 21 2 2 2 2 3 5 11 1 1 1 1 1 1 1 1 1 1 1 1 1 1 
Case #831: 34 2 2 2 2 2 3 1 1 1 1 1 1 1 1 1 1 1 1 1 1 1 1 1 1 1 1 1 1 1 1 1 1 1 1 
Case #832: 28 2 2 2 2 2 3 7 1 1 1 1 1 1 1 1 1 1 1 1 1 1 1 1 1 1 1 1 1 
Case #833: 33 2 2 3 5 1 1 1 1 1 1 1 1 1 1 1 1 1 1 1 1 1 1 1 1 1 1 1 1 1 1 1 1 1 
Case #834: 17 2 2 2 2 2 2 3 17 1 1 1 1 1 1 1 1 1 
Case #835: -1
Case #836: 19 2 2 2 2 3 3 5 11 1 1 1 1 1 1 1 1 1 1 1 
Case #837: 24 2 2 2 2 2 3 3 5 5 1 1 1 1 1 1 1 1 1 1 1 1 1 1 1 
Case #838: -1
Case #839: 31 11 1 1 1 1 1 1 1 1 1 1 1 1 1 1 1 1 1 1 1 1 1 1 1 1 1 1 1 1 1 1 
Case #840: -1
Case #841: 14 2 2 2 2 2 2 2 2 2 3 7 11 1 1 
Case #842: 22 2 2 2 2 2 3 5 5 5 1 1 1 1 1 1 1 1 1 1 1 1 1 
Case #843: 27 2 2 2 2 2 2 3 3 5 1 1 1 1 1 1 1 1 1 1 1 1 1 1 1 1 1 1 
Case #844: 16 2 2 2 2 2 5 17 1 1 1 1 1 1 1 1 1 
Case #845: 23 2 2 2 2 3 3 3 3 3 5 1 1 1 1 1 1 1 1 1 1 1 1 1 
Case #846: -1
Case #847: 16 2 2 2 2 2 2 2 3 3 3 5 5 5 1 1 1 
Case #848: 19 2 2 2 2 3 3 3 3 5 7 1 1 1 1 1 1 1 1 1 
Case #849: 21 3 19 1 1 1 1 1 1 1 1 1 1 1 1 1 1 1 1 1 1 1 
Case #850: 24 2 2 2 2 2 2 2 3 3 7 1 1 1 1 1 1 1 1 1 1 1 1 1 1 
Case #851: 25 3 3 3 3 5 5 1 1 1 1 1 1 1 1 1 1 1 1 1 1 1 1 1 1 1 
Case #852: -1
Case #853: 13 2 2 3 3 5 5 5 11 1 1 1 1 1 
Case #854: -1
Case #855: 25 2 2 2 2 2 2 2 2 2 2 2 2 2 2 3 1 1 1 1 1 1 1 1 1 1 
Case #856: -1
Case #857: 23 2 2 2 2 3 3 3 5 5 1 1 1 1 1 1 1 1 1 1 1 1 1 1 
Case #858: 17 2 2 2 2 5 5 5 5 5 1 1 1 1 1 1 1 1 
Case #859: 16 2 2 2 2 2 3 3 17 1 1 1 1 1 1 1 1 
Case #860: 25 2 2 2 2 2 2 2 2 5 5 1 1 1 1 1 1 1 1 1 1 1 1 1 1 1 
Case #861: 25 2 2 3 3 3 3 7 1 1 1 1 1 1 1 1 1 1 1 1 1 1 1 1 1 1 
Case #862: 22 2 2 2 2 2 3 3 3 5 5 1 1 1 1 1 1 1 1 1 1 1 1 
Case #863: 19 2 2 3 5 5 5 7 1 1 1 1 1 1 1 1 1 1 1 1 
Case #864: 19 2 2 2 2 3 3 3 7 7 1 1 1 1 1 1 1 1 1 1 
Case #865: 34 2 7 1 1 1 1 1 1 1 1 1 1 1 1 1 1 1 1 1 1 1 1 1 1 1 1 1 1 1 1 1 1 1 1 
Case #866: -1
Case #867: -1
Case #868: 14 2 2 2 3 3 3 5 5 11 1 1 1 1 1 
Case #869: -1
Case #870: -1
Case #871: -1
Case #872: 32 2 3 7 1 1 1 1 1 1 1 1 1 1 1 1 1 1 1 1 1 1 1 1 1 1 1 1 1 1 1 1 1 
Case #873: 11 2 2 3 3 3 5 19 1 1 1 1 
Case #874: 27 2 2 2 2 2 2 2 2 2 2 2 2 3 1 1 1 1 1 1 1 1 1 1 1 1 1 1 
Case #875: 20 2 2 2 2 2 2 2 2 2 2 2 3 5 5 1 1 1 1 1 1 
Case #876: 20 2 2 2 2 2 3 3 3 5 7 1 1 1 1 1 1 1 1 1 1 
Case #877: 16 2 2 2 3 5 7 11 1 1 1 1 1 1 1 1 1 
Case #878: 19 2 2 2 2 2 2 3 3 3 5 7 1 1 1 1 1 1 1 1 
Case #879: 23 2 2 3 3 7 7 1 1 1 1 1 1 1 1 1 1 1 1 1 1 1 1 1 
Case #880: 29 2 2 2 2 2 2 2 2 2 2 3 1 1 1 1 1 1 1 1 1 1 1 1 1 1 1 1 1 1 
Case #881: 18 2 3 3 3 3 3 3 5 7 1 1 1 1 1 1 1 1 1 
Case #882: 11 2 2 2 2 3 7 7 7 7 1 1 
Case #883: 31 2 2 2 2 2 2 3 3 1 1 1 1 1 1 1 1 1 1 1 1 1 1 1 1 1 1 1 1 1 1 1 
Case #884: 16 2 2 2 3 3 3 5 5 5 5 1 1 1 1 1 1 
Case #885: 14 2 2 2 2 2 2 2 3 3 5 13 1 1 1 
Case #886: -1
Case #887: 28 2 2 2 2 2 2 2 3 5 1 1 1 1 1 1 1 1 1 1 1 1 1 1 1 1 1 1 1 
Case #888: 29 2 2 3 5 5 1 1 1 1 1 1 1 1 1 1 1 1 1 1 1 1 1 1 1 1 1 1 1 1 
Case #889: -1
Case #890: 20 2 2 2 2 2 3 3 3 11 1 1 1 1 1 1 1 1 1 1 1 
Case #891: 13 2 2 3 3 3 3 7 13 1 1 1 1 1 
Case #892: 16 2 2 2 2 2 3 5 5 5 7 1 1 1 1 1 1 
Case #893: 21 5 17 1 1 1 1 1 1 1 1 1 1 1 1 1 1 1 1 1 1 1 
Case #894: -1
Case #895: 26 2 2 2 2 2 2 2 3 3 5 1 1 1 1 1 1 1 1 1 1 1 1 1 1 1 1 
Case #896: -1
Case #897: 14 2 2 2 3 3 3 3 17 1 1 1 1 1 1 
Case #898: 17 2 2 2 2 2 2 3 3 3 5 5 5 1 1 1 1 1 
Case #899: 38 2 3 1 1 1 1 1 1 1 1 1 1 1 1 1 1 1 1 1 1 1 1 1 1 1 1 1 1 1 1 1 1 1 1 1 1 1 1 
Case #900: 15 2 2 2 2 2 2 2 2 3 7 11 1 1 1 1 
Case #901: 11 31 1 1 1 1 1 1 1 1 1 1 
Case #902: 15 2 2 3 3 3 3 5 5 5 5 1 1 1 1 1 
Case #903: 20 2 2 2 3 3 3 3 5 7 1 1 1 1 1 1 1 1 1 1 1 
Case #904: 16 2 2 2 3 3 7 7 7 1 1 1 1 1 1 1 1 
Case #905: 20 2 2 2 3 3 5 11 1 1 1 1 1 1 1 1 1 1 1 1 1 
Case #906: -1
Case #907: 27 2 2 2 2 3 3 3 3 3 1 1 1 1 1 1 1 1 1 1 1 1 1 1 1 1 1 1 
Case #908: 22 2 2 2 2 2 2 2 2 2 2 2 2 2 2 2 2 2 2 2 1 1 1 
Case #909: 22 2 2 2 2 2 2 2 2 2 2 2 2 2 3 3 3 1 1 1 1 1 1 
Case #910: 17 2 2 3 3 5 5 11 1 1 1 1 1 1 1 1 1 1 
Case #911: 35 2 2 2 2 3 1 1 1 1 1 1 1 1 1 1 1 1 1 1 1 1 1 1 1 1 1 1 1 1 1 1 1 1 1 1 
Case #912: 15 2 2 2 2 2 2 5 5 5 5 5 1 1 1 1 
Case #913: 19 2 2 2 2 2 2 2 2 2 2 5 5 5 1 1 1 1 1 1 
Case #914: 23 2 2 2 2 2 2 2 2 2 2 2 2 3 3 3 1 1 1 1 1 1 1 1 
Case #915: 21 3 3 3 5 5 7 1 1 1 1 1 1 1 1 1 1 1 1 1 1 1 
Case #916: 24 2 2 2 2 2 2 2 2 2 2 2 7 1 1 1 1 1 1 1 1 1 1 1 1 
Case #917: 12 2 3 3 5 5 5 5 5 5 1 1 1 
Case #918: -1
Case #919: 15 2 2 2 2 3 3 3 3 5 11 1 1 1 1 1 
Case #920: 22 2 2 2 2 2 2 2 2 2 2 2 2 2 2 2 5 1 1 1 1 1 1 
Case #921: -1
Case #922: -1
Case #923: 22 2 2 2 2 2 2 2 2 2 3 5 5 1 1 1 1 1 1 1 1 1 1 
Case #924: 3 11 13 17 
Case #925: 15 2 2 2 2 3 5 7 11 1 1 1 1 1 1 1 
Case #926: -1
Case #927: -1
Case #928: -1
Case #929: 8 2 2 2 3 13 17 1 1 
Case #930: -1
Case #931: -1
Case #932: 21 2 2 5 5 11 1 1 1 1 1 1 1 1 1 1 1 1 1 1 1 1 
Case #933: 20 2 2 2 2 2 3 3 3 3 3 7 1 1 1 1 1 1 1 1 1 
Case #934: -1
Case #935: 22 2 2 2 2 2 2 2 5 5 5 1 1 1 1 1 1 1 1 1 1 1 1 
Case #936: -1
Case #937: 15 2 2 2 2 2 2 2 2 5 5 11 1 1 1 1 
Case #938: -1
Case #939: 19 2 2 2 2 3 5 13 1 1 1 1 1 1 1 1 1 1 1 1 
Case #940: 18 2 2 2 2 2 3 3 3 3 11 1 1 1 1 1 1 1 1 
Case #941: 23 3 17 1 1 1 1 1 1 1 1 1 1 1 1 1 1 1 1 1 1 1 1 1 
Case #942: 17 2 2 3 5 7 11 1 1 1 1 1 1 1 1 1 1 1 
Case #943: 22 2 2 2 2 2 5 5 7 1 1 1 1 1 1 1 1 1 1 1 1 1 1 
Case #944: 18 2 2 2 2 2 2 2 3 3 7 7 1 1 1 1 1 1 1 
Case #945: 15 5 23 1 1 1 1 1 1 1 1 1 1 1 1 1 
Case #946: 15 2 2 2 2 3 11 11 1 1 1 1 1 1 1 1 
Case #947: -1
Case #948: 19 2 2 2 2 2 2 3 5 11 1 1 1 1 1 1 1 1 1 1 
Case #949: -1
Case #950: 27 2 2 13 1 1 1 1 1 1 1 1 1 1 1 1 1 1 1 1 1 1 1 1 1 1 1 1 
Case #951: 35 7 1 1 1 1 1 1 1 1 1 1 1 1 1 1 1 1 1 1 1 1 1 1 1 1 1 1 1 1 1 1 1 1 1 1 
Case #952: 17 2 2 3 3 7 7 7 1 1 1 1 1 1 1 1 1 1 
Case #953: 16 2 2 2 3 5 5 7 7 1 1 1 1 1 1 1 1 
Case #954: 10 2 2 2 3 11 17 1 1 1 1 
Case #955: 22 2 2 2 3 3 3 3 5 5 1 1 1 1 1 1 1 1 1 1 1 1 1 
Case #956: 19 7 17 1 1 1 1 1 1 1 1 1 1 1 1 1 1 1 1 1 
Case #957: 21 2 2 2 2 3 3 3 3 3 3 3 3 1 1 1 1 1 1 1 1 1 
Case #958: 22 2 2 2 2 2 2 2 3 3 3 3 5 1 1 1 1 1 1 1 1 1 1 
Case #959: 19 2 2 2 2 2 2 2 2 3 3 3 3 3 5 1 1 1 1 1 
Case #960: 19 2 2 3 3 3 3 7 7 1 1 1 1 1 1 1 1 1 1 1 
Case #961: 9 2 2 31 1 1 1 1 1 1 
Case #962: -1
Case #963: 22 2 2 2 2 2 2 2 2 2 3 3 3 5 1 1 1 1 1 1 1 1 1 
Case #964: 33 3 7 1 1 1 1 1 1 1 1 1 1 1 1 1 1 1 1 1 1 1 1 1 1 1 1 1 1 1 1 1 1 1 
Case #965: 18 2 2 2 2 2 3 7 11 1 1 1 1 1 1 1 1 1 1 
