Case #1: -1
Case #2: 20 21 2 1 1 1 1 1 1 1 1 1 1 1 1 1 1 1 1 1 1 
Case #3: 6 15 10 6 5 4 1 
Case #4: 8 10 7 7 5 4 3 3 2 
Case #5: 6 15 12 8 4 1 1 
Case #6: 6 13 10 6 6 3 3 
Case #7: 27 11 5 1 1 1 1 1 1 1 1 1 1 1 1 1 1 1 1 1 1 1 1 1 1 1 1 1 
Case #8: 8 10 6 6 5 5 3 3 3 
Case #9: 6 20 5 5 5 4 2 
Case #10: 5 15 10 8 4 4 
Case #11: 6 17 12 8 2 1 1 
Case #12: 5 19 10 6 3 3 
Case #13: 7 11 7 7 6 5 4 1 
Case #14: 6 34 3 1 1 1 1 
Case #15: -1
Case #16: 7 21 4 4 3 3 3 3 
Case #17: 25 17 1 1 1 1 1 1 1 1 1 1 1 1 1 1 1 1 1 1 1 1 1 1 1 1 
Case #18: 7 14 7 5 4 4 4 3 
Case #19: 6 13 10 10 3 3 2 
Case #20: -1
Case #21: 8 14 9 4 3 3 3 3 2 
Case #22: 5 21 10 5 4 1 
Case #23: 7 15 6 6 4 4 4 2 
Case #24: 11 10 4 4 3 3 3 3 3 3 3 2 
Case #25: 7 14 7 5 5 5 4 1 
Case #26: 6 15 9 6 6 3 2 
Case #27: 5 17 9 7 4 4 
Case #28: 6 15 10 6 4 3 3 
Case #29: -1
Case #30: -1
Case #31: -1
Case #32: 7 17 11 5 5 1 1 1 
Case #33: 4 21 15 3 2 
Case #34: 5 19 12 4 4 2 
Case #35: -1
Case #36: 8 24 8 4 1 1 1 1 1 
Case #37: 9 33 1 1 1 1 1 1 1 1 
Case #38: 4 37 2 1 1 
Case #39: 9 10 6 5 5 4 3 3 3 2 
Case #40: 6 14 10 5 5 4 3 
Case #41: -1
Case #42: -1
Case #43: -1
Case #44: 6 17 11 6 4 2 1 
Case #45: 4 15 10 8 8 
Case #46: 8 15 6 5 4 3 3 3 2 
Case #47: 8 10 10 5 5 3 3 3 2 
Case #48: 5 21 10 4 3 3 
Case #49: 5 18 16 4 2 1 
Case #50: -1
Case #51: 5 21 9 6 4 1 
Case #52: -1
Case #53: 6 25 5 3 3 3 2 
Case #54: 6 19 10 4 3 3 2 
Case #55: 7 13 11 6 4 4 2 1 
Case #56: 8 13 10 5 5 3 3 1 1 
Case #57: 5 26 5 4 4 2 
Case #58: 6 19 9 6 4 2 1 
Case #59: -1
Case #60: 6 11 10 10 4 3 3 
Case #61: 6 13 12 9 4 2 1 
Case #62: 7 15 5 5 4 4 4 4 
Case #63: 9 14 4 4 4 4 3 3 3 2 
Case #64: -1
Case #65: -1
Case #66: 4 21 10 8 2 
Case #67: 8 14 5 5 4 4 4 3 2 
Case #68: 8 10 7 6 4 4 4 3 3 
Case #69: -1
Case #70: -1
Case #71: 5 21 9 6 3 2 
Case #72: -1
Case #73: 8 10 6 6 5 4 4 3 3 
Case #74: 7 10 7 7 6 5 3 3 
Case #75: 9 10 10 4 3 3 3 3 3 2 
Case #76: 11 4 4 4 4 4 4 4 4 4 4 1 
Case #77: 29 7 7 1 1 1 1 1 1 1 1 1 1 1 1 1 1 1 1 1 1 1 1 1 1 1 1 1 1 1 
Case #78: 5 14 11 6 6 4 
Case #79: -1
Case #80: 6 14 14 5 3 3 2 
Case #81: 6 15 10 5 5 3 3 
Case #82: 9 10 6 4 4 4 4 4 4 1 
Case #83: -1
Case #84: -1
Case #85: 13 26 4 1 1 1 1 1 1 1 1 1 1 1 
Case #86: -1
Case #87: 5 22 6 5 5 3 
Case #88: 4 25 10 4 2 
Case #89: 7 9 9 6 6 4 4 3 
Case #90: 7 12 11 4 4 4 4 2 
Case #91: 7 15 10 5 4 4 2 1 
Case #92: 6 28 8 2 1 1 1 
Case #93: -1
Case #94: 10 10 5 5 3 3 3 3 3 3 3 
Case #95: 6 25 4 3 3 3 3 
Case #96: 3 38 2 1 
Case #97: 6 21 7 4 4 4 1 
Case #98: -1
Case #99: 6 14 13 6 3 3 2 
Case #100: 5 24 8 4 4 1 
Case #101: -1
Case #102: 7 15 6 5 5 5 4 1 
Case #103: 16 21 6 1 1 1 1 1 1 1 1 1 1 1 1 1 1 
Case #104: 6 14 10 6 5 4 2 
Case #105: 7 13 9 8 4 4 2 1 
Case #106: 7 19 17 1 1 1 1 1 
Case #107: 7 11 8 7 6 4 4 1 
Case #108: 8 10 6 5 5 5 4 3 3 
Case #109: 7 22 4 4 3 3 3 2 
Case #110: 5 17 10 9 3 2 
Case #111: 10 10 6 4 3 3 3 3 3 3 3 
Case #112: 8 10 7 7 4 4 4 4 1 
Case #113: 7 18 4 4 4 4 4 3 
Case #114: 5 14 13 7 4 3 
Case #115: 11 21 9 3 1 1 1 1 1 1 1 1 
Case #116: 4 22 10 6 3 
Case #117: 5 14 11 8 7 1 
Case #118: 9 14 10 8 4 1 1 1 1 1 
Case #119: 8 10 10 5 4 4 3 3 2 
Case #120: -1
Case #121: 5 25 9 4 2 1 
Case #122: -1
Case #123: 8 13 6 5 4 4 4 4 1 
Case #124: 8 15 5 4 4 4 4 3 2 
Case #125: 4 22 9 6 4 
Case #126: 15 20 8 1 1 1 1 1 1 1 1 1 1 1 1 1 
Case #127: 4 21 15 4 1 
Case #128: 6 20 8 4 4 4 1 
Case #129: 7 17 9 8 4 1 1 1 
Case #130: 26 16 1 1 1 1 1 1 1 1 1 1 1 1 1 1 1 1 1 1 1 1 1 1 1 1 1 
Case #131: 7 11 9 6 6 4 3 2 
Case #132: 7 10 10 5 5 4 4 3 
Case #133: 7 15 6 4 4 4 4 4 
Case #134: 7 14 10 10 4 1 1 1 
Case #135: 6 15 11 6 4 3 2 
Case #136: 8 9 7 7 4 4 4 4 2 
Case #137: 4 21 10 5 5 
Case #138: 20 22 1 1 1 1 1 1 1 1 1 1 1 1 1 1 1 1 1 1 1 
Case #139: -1
Case #140: 7 11 10 6 4 4 3 3 
Case #141: 40 2 1 1 1 1 1 1 1 1 1 1 1 1 1 1 1 1 1 1 1 1 1 1 1 1 1 1 1 1 1 1 1 1 1 1 1 1 1 1 1 
Case #142: -1
Case #143: -1
Case #144: 3 21 14 6 
Case #145: 6 21 7 5 3 3 2 
Case #146: 7 14 11 5 5 4 1 1 
Case #147: 6 17 10 4 4 3 3 
Case #148: 5 20 8 5 4 4 
Case #149: -1
Case #150: 7 11 10 5 5 4 3 3 
Case #151: 25 13 5 1 1 1 1 1 1 1 1 1 1 1 1 1 1 1 1 1 1 1 1 1 1 1 
Case #152: 6 22 7 5 3 3 1 
Case #153: 6 17 10 7 3 3 1 
Case #154: -1
Case #155: 6 21 5 5 5 3 2 
Case #156: 7 14 5 5 5 4 4 4 
Case #157: 6 21 5 5 5 4 1 
Case #158: 7 14 10 7 3 3 3 1 
Case #159: 4 27 6 4 4 
Case #160: 6 22 5 5 5 3 1 
Case #161: 24 18 1 1 1 1 1 1 1 1 1 1 1 1 1 1 1 1 1 1 1 1 1 1 1 
Case #162: 8 9 8 6 4 4 4 4 2 
Case #163: 10 8 4 4 4 4 4 4 4 4 1 
Case #164: 7 10 8 8 8 4 2 1 
Case #165: -1
Case #166: 6 21 7 6 3 3 1 
Case #167: -1
Case #168: -1
Case #169: 5 18 13 4 3 3 
Case #170: 5 21 8 5 5 2 
Case #171: 9 9 6 6 4 4 4 3 3 2 
Case #172: -1
Case #173: 6 12 8 8 8 4 1 
Case #174: -1
Case #175: 6 14 14 5 5 2 1 
Case #176: 7 11 9 8 6 4 2 1 
Case #177: 11 24 8 1 1 1 1 1 1 1 1 1 
Case #178: 5 17 10 6 4 4 
Case #179: 9 15 9 3 3 3 3 3 1 1 
Case #180: 6 18 9 4 4 3 3 
Case #181: 7 21 9 7 1 1 1 1 
Case #182: 6 15 11 5 4 3 3 
Case #183: 3 17 13 11 
Case #184: 7 21 12 4 1 1 1 1 
Case #185: 6 15 13 5 3 3 2 
Case #186: 7 12 9 4 4 4 4 4 
Case #187: 5 15 9 8 8 1 
Case #188: 6 22 6 4 4 4 1 
Case #189: -1
Case #190: 8 15 5 4 4 4 4 4 1 
Case #191: -1
Case #192: 8 10 7 5 5 4 4 3 3 
Case #193: 5 15 15 5 4 2 
Case #194: 9 14 5 4 4 3 3 3 3 2 
Case #195: 14 28 1 1 1 1 1 1 1 1 1 1 1 1 1 
Case #196: -1
Case #197: 5 21 9 8 2 1 
Case #198: -1
Case #199: 5 21 10 7 2 1 
Case #200: 5 19 14 3 3 2 
Case #201: 9 10 5 5 4 4 4 3 3 3 
Case #202: -1
Case #203: 5 19 17 3 1 1 
Case #204: -1
Case #205: 9 10 6 5 5 5 3 3 3 1 
Case #206: -1
Case #207: 7 19 6 5 4 4 2 1 
Case #208: 6 13 10 7 5 3 3 
Case #209: 7 22 10 5 1 1 1 1 
Case #210: 7 20 5 5 5 4 1 1 
Case #211: 8 33 2 1 1 1 1 1 1 
Case #212: 9 7 7 6 4 4 4 4 4 1 
Case #213: 7 22 4 3 3 3 3 3 
Case #214: 6 36 1 1 1 1 1 
Case #215: 7 28 8 1 1 1 1 1 
Case #216: 9 10 6 5 5 4 4 4 2 1 
Case #217: 8 11 9 6 4 4 4 2 1 
Case #218: 7 15 6 6 4 4 3 3 
Case #219: 7 11 10 6 6 3 3 2 
Case #220: 4 22 9 8 2 
Case #221: 8 15 9 3 3 3 3 3 2 
Case #222: -1
Case #223: 8 18 4 4 4 4 4 2 1 
Case #224: 5 14 10 6 6 5 
Case #225: 10 6 5 5 5 5 4 4 4 2 1 
Case #226: 6 21 6 4 4 4 2 
Case #227: 3 21 10 10 
Case #228: 6 13 10 9 3 3 3 
Case #229: 9 9 4 4 4 4 4 4 4 4 
Case #230: 27 15 1 1 1 1 1 1 1 1 1 1 1 1 1 1 1 1 1 1 1 1 1 1 1 1 1 1 
Case #231: 8 14 6 5 5 4 4 2 1 
Case #232: 9 10 5 4 4 4 4 4 3 3 
Case #233: 6 15 13 4 4 3 2 
Case #234: -1
Case #235: -1
Case #236: -1
Case #237: 4 18 9 8 6 
Case #238: 8 11 10 4 4 3 3 3 3 
Case #239: 13 21 7 3 1 1 1 1 1 1 1 1 1 1 
Case #240: -1
Case #241: 5 17 10 6 6 2 
Case #242: -1
Case #243: 7 11 10 6 4 4 4 2 
Case #244: 6 11 9 9 4 4 4 
Case #245: 6 22 6 4 4 3 2 
Case #246: 7 12 11 11 4 1 1 1 
Case #247: 5 22 9 6 3 1 
Case #248: 28 14 1 1 1 1 1 1 1 1 1 1 1 1 1 1 1 1 1 1 1 1 1 1 1 1 1 1 1 
Case #249: -1
Case #250: 7 11 11 7 6 4 1 1 
Case #251: 8 14 5 5 5 5 3 3 1 
Case #252: 6 14 7 7 6 4 3 
Case #253: 32 10 1 1 1 1 1 1 1 1 1 1 1 1 1 1 1 1 1 1 1 1 1 1 1 1 1 1 1 1 1 1 1 
Case #254: 6 21 7 4 4 3 2 
Case #255: 10 6 5 5 4 4 4 4 4 4 1 
Case #256: -1
Case #257: 6 14 10 6 6 3 2 
Case #258: 7 9 9 9 4 4 3 3 
Case #259: 2 21 20 
Case #260: 8 13 10 3 3 3 3 3 3 
Case #261: 7 14 6 5 5 4 4 3 
Case #262: 6 15 9 8 4 4 1 
Case #263: 6 21 6 5 4 3 2 
Case #264: 6 21 6 5 4 4 1 
Case #265: 6 22 9 6 2 1 1 
Case #266: 8 22 7 5 3 1 1 1 1 
Case #267: -1
Case #268: -1
Case #269: 8 14 8 4 4 4 4 2 1 
Case #270: 5 15 12 9 4 1 
Case #271: -1
Case #272: 4 25 8 6 2 
Case #273: 6 18 9 8 4 1 1 
Case #274: 8 10 9 4 4 4 4 3 3 
Case #275: 5 22 6 6 4 3 
Case #276: -1
Case #277: 7 9 8 8 4 4 4 4 
Case #278: 6 15 8 8 4 4 2 
Case #279: 23 13 7 1 1 1 1 1 1 1 1 1 1 1 1 1 1 1 1 1 1 1 1 1 
Case #280: 7 19 9 8 2 1 1 1 
Case #281: 6 13 9 6 6 4 3 
Case #282: 8 10 9 4 4 4 4 4 2 
Case #283: 5 22 7 6 3 3 
Case #284: 2 39 2 
Case #285: -1
Case #286: -1
Case #287: 8 18 4 4 4 3 3 3 2 
Case #288: -1
Case #289: 6 26 4 3 3 3 2 
Case #290: 36 6 1 1 1 1 1 1 1 1 1 1 1 1 1 1 1 1 1 1 1 1 1 1 1 1 1 1 1 1 1 1 1 1 1 1 1 
Case #291: 8 15 4 4 4 4 4 4 2 
Case #292: 6 18 15 3 3 1 1 
Case #293: 6 23 6 5 4 2 1 
Case #294: 6 19 17 2 1 1 1 
Case #295: 8 11 10 5 3 3 3 3 3 
Case #296: 4 21 10 6 4 
Case #297: 21 19 3 1 1 1 1 1 1 1 1 1 1 1 1 1 1 1 1 1 1 1 
Case #298: 21 13 9 1 1 1 1 1 1 1 1 1 1 1 1 1 1 1 1 1 1 1 
Case #299: 6 15 9 8 6 2 1 
Case #300: 11 31 1 1 1 1 1 1 1 1 1 1 
Case #301: -1
Case #302: 39 3 1 1 1 1 1 1 1 1 1 1 1 1 1 1 1 1 1 1 1 1 1 1 1 1 1 1 1 1 1 1 1 1 1 1 1 1 1 1 
Case #303: 16 23 4 1 1 1 1 1 1 1 1 1 1 1 1 1 1 
Case #304: 8 14 6 4 4 4 3 3 3 
Case #305: -1
Case #306: 7 14 9 4 4 4 4 2 
Case #307: 5 11 11 9 8 2 
Case #308: 9 9 9 4 4 3 3 3 3 3 
Case #309: -1
Case #310: 5 27 4 4 4 2 
Case #311: 6 13 10 6 4 4 4 
Case #312: 6 15 9 6 4 4 3 
Case #313: 8 9 9 8 4 4 4 2 1 
Case #314: 7 17 6 5 4 4 4 1 
Case #315: 5 20 8 8 4 1 
Case #316: 9 10 7 6 3 3 3 3 3 3 
Case #317: 6 11 10 7 7 3 3 
Case #318: 9 10 6 5 4 4 3 3 3 3 
Case #319: -1
Case #320: 17 25 1 1 1 1 1 1 1 1 1 1 1 1 1 1 1 1 
Case #321: 6 13 10 9 4 3 2 
Case #322: 6 13 10 8 8 1 1 
Case #323: 4 25 6 6 4 
Case #324: 7 14 7 7 5 3 3 2 
Case #325: 5 15 10 8 6 2 
Case #326: 9 10 7 5 4 3 3 3 3 3 
Case #327: 8 15 6 6 3 3 3 3 2 
Case #328: 6 35 2 1 1 1 1 
Case #329: 9 11 6 5 4 4 4 4 2 1 
Case #330: 6 14 11 6 5 3 2 
Case #331: 10 10 5 4 4 3 3 3 3 3 3 
Case #332: -1
Case #333: 5 19 19 1 1 1 
Case #334: 13 28 2 1 1 1 1 1 1 1 1 1 1 1 
Case #335: 6 21 4 4 4 4 4 
Case #336: 8 11 10 4 4 4 3 3 2 
Case #337: 5 22 8 5 4 2 
Case #338: 19 22 2 1 1 1 1 1 1 1 1 1 1 1 1 1 1 1 1 1 
Case #339: 5 14 13 6 5 3 
Case #340: 7 15 6 6 5 3 3 3 
Case #341: 7 12 8 8 4 4 4 1 
Case #342: 9 21 12 2 1 1 1 1 1 1 
Case #343: -1
Case #344: 5 15 15 4 4 3 
Case #345: 9 14 4 4 4 4 4 4 2 1 
Case #346: 6 21 8 8 2 1 1 
Case #347: 5 25 5 5 4 2 
Case #348: 7 14 6 6 5 5 3 2 
Case #349: -1
Case #350: -1
Case #351: 5 15 10 9 4 3 
Case #352: 8 10 5 5 5 5 5 3 3 
Case #353: 4 18 15 6 2 
Case #354: 6 15 11 5 5 3 2 
Case #355: -1
Case #356: 5 21 8 6 4 2 
Case #357: 8 10 8 8 4 4 4 2 1 
Case #358: 7 13 10 6 5 4 2 1 
Case #359: 8 7 7 7 6 5 4 4 1 
Case #360: 8 18 9 3 3 3 3 1 1 
Case #361: 8 10 10 4 4 4 3 3 3 
Case #362: 5 14 11 6 5 5 
Case #363: 5 22 6 5 4 4 
Case #364: -1
Case #365: -1
Case #366: -1
Case #367: 7 15 6 6 5 4 3 2 
Case #368: 5 15 10 6 6 4 
Case #369: -1
Case #370: -1
Case #371: 8 15 12 8 2 1 1 1 1 
Case #372: 12 29 2 1 1 1 1 1 1 1 1 1 1 
Case #373: 9 10 5 5 5 5 4 4 2 1 
Case #374: 6 14 11 6 5 4 1 
Case #375: -1
Case #376: -1
Case #377: 8 13 10 4 3 3 3 3 2 
Case #378: 8 10 6 5 5 5 4 4 2 
Case #379: 5 21 6 6 5 3 
Case #380: 5 16 15 8 1 1 
Case #381: 8 14 7 7 6 4 1 1 1 
Case #382: 11 10 4 3 3 3 3 3 3 3 3 3 
Case #383: 8 10 7 6 5 4 4 3 2 
Case #384: 5 26 5 4 3 3 
Case #385: 6 9 8 8 8 4 4 
Case #386: 7 14 10 6 4 4 2 1 
Case #387: 8 10 6 6 5 4 4 4 2 
Case #388: 5 15 10 10 5 1 
Case #389: -1
Case #390: -1
Case #391: 7 21 9 6 2 1 1 1 
Case #392: -1
Case #393: 9 32 2 1 1 1 1 1 1 1 
Case #394: 7 19 7 7 5 1 1 1 
Case #395: 6 25 12 1 1 1 1 
Case #396: 5 15 13 6 4 3 
Case #397: 4 25 10 3 3 
Case #398: 5 20 10 5 4 2 
Case #399: -1
Case #400: 7 15 8 4 4 4 4 2 
Case #401: 8 14 6 4 4 4 4 3 2 
Case #402: 8 16 4 4 4 4 4 4 1 
Case #403: -1
Case #404: -1
Case #405: 7 32 4 1 1 1 1 1 
Case #406: 8 14 7 4 4 4 3 3 2 
Case #407: 13 25 5 1 1 1 1 1 1 1 1 1 1 1 
Case #408: -1
Case #409: 21 17 5 1 1 1 1 1 1 1 1 1 1 1 1 1 1 1 1 1 1 1 
Case #410: 5 15 11 6 5 4 
Case #411: -1
Case #412: 12 27 4 1 1 1 1 1 1 1 1 1 1 
Case #413: 16 22 5 1 1 1 1 1 1 1 1 1 1 1 1 1 1 
Case #414: 7 14 10 5 5 3 3 1 
Case #415: -1
Case #416: 6 21 5 5 4 4 2 
Case #417: 9 10 9 4 4 3 3 3 3 2 
Case #418: 7 13 9 6 4 4 4 1 
Case #419: -1
Case #420: 7 18 8 8 4 1 1 1 
Case #421: 13 27 3 1 1 1 1 1 1 1 1 1 1 1 
Case #422: 15 26 2 1 1 1 1 1 1 1 1 1 1 1 1 1 
Case #423: 5 22 10 4 3 2 
Case #424: 22 20 1 1 1 1 1 1 1 1 1 1 1 1 1 1 1 1 1 1 1 1 1 
Case #425: 7 11 9 7 4 4 4 2 
Case #426: -1
Case #427: 7 11 10 5 4 4 4 3 
Case #428: -1
Case #429: 8 14 5 5 5 5 4 2 1 
Case #430: 4 27 8 4 2 
Case #431: 6 14 13 8 4 1 1 
Case #432: 11 6 4 4 4 4 4 4 4 4 2 1 
Case #433: 4 38 1 1 1 
Case #434: 6 14 7 6 5 5 4 
Case #435: 7 14 10 5 5 4 2 1 
Case #436: 29 13 1 1 1 1 1 1 1 1 1 1 1 1 1 1 1 1 1 1 1 1 1 1 1 1 1 1 1 1 
Case #437: -1
Case #438: 4 30 4 4 3 
Case #439: 19 20 4 1 1 1 1 1 1 1 1 1 1 1 1 1 1 1 1 1 
Case #440: 8 9 9 6 6 3 3 3 2 
Case #441: 10 14 4 3 3 3 3 3 3 3 2 
Case #442: 33 9 1 1 1 1 1 1 1 1 1 1 1 1 1 1 1 1 1 1 1 1 1 1 1 1 1 1 1 1 1 1 1 1 
Case #443: 5 26 5 5 4 1 
Case #444: 9 19 12 4 1 1 1 1 1 1 
Case #445: 6 21 9 8 1 1 1 
Case #446: 6 14 7 6 6 5 3 
Case #447: 7 14 10 5 4 3 3 2 
Case #448: 7 14 10 5 3 3 3 3 
Case #449: 10 14 5 5 3 3 3 3 3 1 1 
Case #450: 5 14 9 7 7 4 
Case #451: 6 14 7 7 5 4 4 
Case #452: -1
Case #453: -1
Case #454: -1
Case #455: 8 15 6 4 4 3 3 3 3 
Case #456: 7 11 10 6 5 3 3 3 
Case #457: 5 21 16 2 1 1 
Case #458: -1
Case #459: 8 21 9 6 1 1 1 1 1 
Case #460: -1
Case #461: -1
Case #462: 8 14 9 5 3 3 3 3 1 
Case #463: 7 25 3 3 3 3 3 1 
Case #464: 5 35 3 1 1 1 
Case #465: 7 22 7 7 2 1 1 1 
Case #466: 5 16 14 8 2 1 
Case #467: -1
Case #468: 9 7 7 6 5 5 4 4 2 1 
Case #469: 6 19 7 6 4 4 1 
Case #470: 6 14 10 7 4 3 3 
Case #471: 8 14 7 5 4 3 3 3 2 
Case #472: -1
Case #473: 9 9 9 4 4 4 4 4 2 1 
Case #474: 6 19 10 5 3 3 1 
Case #475: 5 15 10 10 3 3 
Case #476: 7 14 6 5 5 5 3 3 
Case #477: -1
Case #478: 6 17 10 5 3 3 3 
Case #479: -1
Case #480: 6 15 8 6 4 4 4 
Case #481: 25 11 7 1 1 1 1 1 1 1 1 1 1 1 1 1 1 1 1 1 1 1 1 1 1 1 
Case #482: 7 18 6 4 4 4 3 2 
Case #483: -1
Case #484: 9 15 4 4 3 3 3 3 3 3 
Case #485: -1
Case #486: 8 15 5 5 5 3 3 3 2 
Case #487: -1
Case #488: 10 31 2 1 1 1 1 1 1 1 1 
Case #489: 11 15 3 3 3 3 3 3 3 3 1 1 
Case #490: 5 18 9 9 3 2 
Case #491: 5 21 9 9 1 1 
Case #492: 3 37 3 1 
Case #493: 8 10 7 7 5 5 3 3 1 
Case #494: 8 14 5 5 4 4 4 4 1 
Case #495: 7 14 8 8 4 4 2 1 
Case #496: 6 20 5 4 4 4 4 
Case #497: -1
Case #498: 8 15 6 4 4 4 3 3 2 
Case #499: -1
Case #500: 7 14 6 5 5 5 4 2 
Case #501: 8 11 6 5 5 5 4 4 1 
Case #502: 7 14 5 5 5 5 4 3 
Case #503: 8 14 6 4 4 4 4 4 1 
Case #504: 8 14 4 4 4 4 4 4 3 
Case #505: 3 18 17 6 
Case #506: 37 5 1 1 1 1 1 1 1 1 1 1 1 1 1 1 1 1 1 1 1 1 1 1 1 1 1 1 1 1 1 1 1 1 1 1 1 1 
Case #507: 9 10 6 5 4 4 4 3 3 2 
Case #508: 9 10 7 4 4 4 3 3 3 3 
Case #509: 5 21 10 4 4 2 
Case #510: 7 13 10 6 3 3 3 3 
Case #511: 5 26 5 5 3 2 
Case #512: 19 19 5 1 1 1 1 1 1 1 1 1 1 1 1 1 1 1 1 1 
Case #513: -1
Case #514: 5 25 6 4 3 3 
Case #515: 8 11 7 6 5 5 4 2 1 
Case #516: 4 34 5 1 1 
Case #517: 5 13 11 9 4 4 
Case #518: 6 21 15 2 1 1 1 
Case #519: -1
Case #520: -1
Case #521: 7 15 11 4 3 3 3 2 
Case #522: 7 11 11 6 4 4 4 1 
Case #523: 4 26 7 5 3 
Case #524: 10 7 6 5 4 4 4 4 4 2 1 
Case #525: 3 23 17 1 
Case #526: -1
Case #527: 10 9 6 6 3 3 3 3 3 3 2 
Case #528: 12 30 1 1 1 1 1 1 1 1 1 1 1 
Case #529: 11 10 6 3 3 3 3 3 3 3 3 1 
Case #530: 5 21 10 5 3 2 
Case #531: 7 11 10 6 5 4 3 2 
Case #532: 9 14 4 4 4 3 3 3 3 3 
Case #533: 6 11 10 6 6 4 4 
Case #534: 9 9 6 4 4 4 4 4 4 2 
Case #535: 5 37 1 1 1 1 
Case #536: 10 32 1 1 1 1 1 1 1 1 1 
Case #537: -1
Case #538: 6 25 5 4 4 2 1 
Case #539: 5 22 10 3 3 3 
Case #540: 6 21 6 5 5 3 1 
Case #541: 31 11 1 1 1 1 1 1 1 1 1 1 1 1 1 1 1 1 1 1 1 1 1 1 1 1 1 1 1 1 1 1 
Case #542: 4 21 14 4 2 
Case #543: 9 10 6 6 5 3 3 3 3 2 
Case #544: 6 14 14 4 3 3 3 
Case #545: 6 15 10 4 4 4 4 
Case #546: 22 14 7 1 1 1 1 1 1 1 1 1 1 1 1 1 1 1 1 1 1 1 1 
Case #547: 7 15 9 4 4 4 4 1 
Case #548: -1
Case #549: 6 15 11 4 4 4 3 
Case #550: -1
Case #551: 9 8 5 4 4 4 4 4 4 4 
Case #552: 7 10 7 7 6 4 4 3 
Case #553: 16 25 2 1 1 1 1 1 1 1 1 1 1 1 1 1 1 
Case #554: 38 4 1 1 1 1 1 1 1 1 1 1 1 1 1 1 1 1 1 1 1 1 1 1 1 1 1 1 1 1 1 1 1 1 1 1 1 1 1 
Case #555: 11 15 9 9 1 1 1 1 1 1 1 1 
Case #556: -1
Case #557: 8 18 6 3 3 3 3 3 2 
Case #558: 9 7 6 5 5 5 4 4 4 1 
Case #559: 5 22 15 2 1 1 
Case #560: -1
Case #561: 8 15 5 5 4 3 3 3 3 
Case #562: 7 13 10 5 4 3 3 3 
Case #563: 6 15 6 6 5 5 4 
Case #564: 7 11 9 8 4 4 4 1 
Case #565: 8 34 1 1 1 1 1 1 1 
Case #566: 3 18 15 8 
Case #567: -1
Case #568: 5 30 3 3 3 2 
Case #569: -1
Case #570: -1
Case #571: 7 34 2 1 1 1 1 1 
Case #572: 6 14 10 5 4 4 4 
Case #573: 15 23 5 1 1 1 1 1 1 1 1 1 1 1 1 1 
Case #574: -1
Case #575: 18 23 2 1 1 1 1 1 1 1 1 1 1 1 1 1 1 1 1 
Case #576: 7 11 10 7 4 4 4 1 
Case #577: 8 14 6 5 4 3 3 3 3 
Case #578: 19 15 9 1 1 1 1 1 1 1 1 1 1 1 1 1 1 1 1 1 
Case #579: 7 10 10 10 4 4 2 1 
Case #580: -1
Case #581: 5 18 9 6 4 4 
Case #582: 5 25 6 4 4 2 
Case #583: 7 35 1 1 1 1 1 1 
Case #584: 7 25 5 3 3 3 1 1 
Case #585: 8 14 7 4 4 3 3 3 3 
Case #586: 6 15 8 5 5 4 4 
Case #587: 5 19 12 8 1 1 
Case #588: 11 28 4 1 1 1 1 1 1 1 1 1 
Case #589: 3 33 6 2 
Case #590: -1
Case #591: 6 14 10 6 5 5 1 
Case #592: 8 15 4 4 4 4 4 3 3 
Case #593: 9 15 5 4 3 3 3 3 3 2 
Case #594: 6 12 11 8 4 4 2 
Case #595: 5 36 2 1 1 1 
Case #596: 8 9 6 6 4 4 4 4 4 
Case #597: 6 13 11 7 5 3 2 
Case #598: 6 19 10 3 3 3 3 
Case #599: -1
Case #600: 8 14 6 6 4 3 3 3 2 
Case #601: 7 17 11 6 4 1 1 1 
Case #602: 10 10 5 4 4 4 3 3 3 3 2 
Case #603: 5 25 5 5 3 3 
Case #604: 13 13 11 7 1 1 1 1 1 1 1 1 1 1 
Case #605: -1
Case #606: 5 23 7 6 4 1 
Case #607: 7 26 9 2 1 1 1 1 
Case #608: -1
Case #609: 7 17 12 8 1 1 1 1 
Case #610: 7 33 3 1 1 1 1 1 
Case #611: 5 27 8 4 1 1 
Case #612: 2 40 1 
Case #613: 6 11 10 9 5 3 3 
Case #614: 10 29 4 1 1 1 1 1 1 1 1 
Case #615: 9 9 9 4 4 4 3 3 3 2 
Case #616: -1
Case #617: 8 10 10 5 4 3 3 3 3 
Case #618: 7 22 5 3 3 3 3 2 
Case #619: 5 25 9 3 3 1 
Case #620: -1
Case #621: -1
Case #622: 6 15 9 9 6 1 1 
Case #623: 8 14 5 4 4 4 4 3 3 
Case #624: 5 21 8 7 4 1 
Case #625: 10 10 4 4 4 4 3 3 3 3 3 
Case #626: 8 15 5 5 5 4 4 2 1 
Case #627: 5 15 10 6 5 5 
Case #628: 9 14 5 4 3 3 3 3 3 3 
Case #629: 7 14 10 6 3 3 3 2 
Case #630: 6 14 10 8 4 4 1 
Case #631: 8 9 9 6 4 4 4 3 2 
Case #632: -1
Case #633: 4 27 6 6 2 
Case #634: 6 13 13 6 4 4 1 
Case #635: 8 13 6 5 5 5 4 2 1 
Case #636: -1
Case #637: -1
Case #638: 7 10 10 5 4 4 4 4 
Case #639: 7 14 6 5 4 4 4 4 
Case #640: 6 18 6 6 4 4 3 
Case #641: 6 22 9 3 3 3 1 
Case #642: 8 10 7 7 5 3 3 3 3 
Case #643: 7 15 6 5 5 5 3 2 
Case #644: 7 14 6 6 5 4 4 2 
Case #645: -1
Case #646: 7 14 7 6 6 3 3 2 
Case #647: 8 10 6 6 4 4 4 4 3 
Case #648: 5 14 13 9 4 1 
Case #649: 6 14 9 6 6 3 3 
Case #650: 9 10 7 5 4 4 4 4 2 1 
Case #651: 7 9 9 9 4 4 4 2 
Case #652: 19 21 3 1 1 1 1 1 1 1 1 1 1 1 1 1 1 1 1 1 
Case #653: -1
Case #654: 7 14 7 7 5 5 2 1 
Case #655: 8 10 6 5 5 5 5 4 1 
Case #656: 8 9 8 4 4 4 4 4 4 
Case #657: 7 15 6 5 4 4 4 3 
Case #658: 17 23 3 1 1 1 1 1 1 1 1 1 1 1 1 1 1 1 
Case #659: 10 8 6 4 4 4 4 4 4 2 1 
Case #660: 7 14 11 4 3 3 3 3 
Case #661: 13 19 7 5 1 1 1 1 1 1 1 1 1 1 
Case #662: 7 11 10 6 5 4 4 1 
Case #663: 6 13 9 8 6 4 1 
Case #664: -1
Case #665: 7 14 6 6 5 4 3 3 
Case #666: 8 17 10 8 2 1 1 1 1 
Case #667: 5 21 6 6 4 4 
Case #668: -1
Case #669: 10 10 6 4 4 3 3 3 3 3 2 
Case #670: 8 13 7 6 4 4 4 2 1 
Case #671: -1
Case #672: 9 15 9 9 3 1 1 1 1 1 
Case #673: 8 15 5 5 4 4 3 3 2 
Case #674: 9 14 6 4 3 3 3 3 3 2 
Case #675: 5 21 10 6 3 1 
Case #676: 5 23 9 4 4 1 
Case #677: 5 22 7 7 4 1 
Case #678: 9 6 5 5 5 5 5 5 4 1 
Case #679: 7 11 10 7 4 3 3 3 
Case #680: 6 15 10 6 4 4 2 
Case #681: -1
Case #682: 5 17 9 9 4 2 
Case #683: 9 10 8 4 4 4 4 4 2 1 
Case #684: 7 14 10 4 4 3 3 3 
Case #685: -1
Case #686: 4 19 10 6 6 
Case #687: 15 24 4 1 1 1 1 1 1 1 1 1 1 1 1 1 
Case #688: 5 22 6 6 5 2 
Case #689: 7 14 7 6 5 4 4 1 
Case #690: 5 27 4 4 3 3 
Case #691: 13 29 1 1 1 1 1 1 1 1 1 1 1 1 
Case #692: 6 14 13 9 3 1 1 
Case #693: 6 11 11 9 4 4 2 
Case #694: 5 21 8 4 4 4 
Case #695: 6 14 10 6 4 4 3 
Case #696: 4 22 9 7 3 
Case #697: 5 17 13 6 4 1 
Case #698: -1
Case #699: 7 14 7 6 5 4 3 2 
Case #700: 8 8 7 7 6 4 4 4 1 
Case #701: 8 9 9 4 4 4 4 4 3 
Case #702: 5 14 14 5 5 3 
Case #703: -1
Case #704: 7 15 6 5 5 4 3 3 
Case #705: 8 27 8 1 1 1 1 1 1 
Case #706: 6 15 9 9 3 3 2 
Case #707: 7 13 7 6 5 5 4 1 
Case #708: 5 25 4 4 4 4 
Case #709: 7 15 10 4 4 3 3 2 
Case #710: 6 22 9 7 1 1 1 
Case #711: 9 10 7 4 4 4 4 3 3 2 
Case #712: 6 14 13 5 4 4 1 
Case #713: 9 14 6 5 3 3 3 3 3 1 
Case #714: 4 18 15 4 4 
Case #715: 18 24 1 1 1 1 1 1 1 1 1 1 1 1 1 1 1 1 1 
Case #716: 5 15 9 9 4 4 
Case #717: 7 14 13 3 3 3 3 2 
Case #718: -1
Case #719: -1
Case #720: 5 17 9 6 6 3 
Case #721: -1
Case #722: 7 15 9 6 3 3 3 2 
Case #723: 6 14 14 4 4 3 2 
Case #724: 4 21 12 4 4 
Case #725: 5 18 9 6 6 2 
Case #726: 6 22 12 4 1 1 1 
Case #727: -1
Case #728: 6 18 8 8 4 2 1 
Case #729: 6 14 14 4 4 4 1 
Case #730: 5 11 9 9 8 4 
Case #731: 7 10 7 6 5 5 4 4 
Case #732: 8 9 9 6 4 4 4 4 1 
Case #733: 6 21 7 6 4 2 1 
Case #734: 8 9 9 6 4 4 3 3 3 
Case #735: 6 15 10 6 5 3 2 
Case #736: 4 21 10 7 3 
Case #737: 7 19 10 8 1 1 1 1 
Case #738: 8 18 4 4 3 3 3 3 3 
Case #739: 6 13 12 4 4 4 4 
Case #740: 8 14 10 3 3 3 3 3 2 
Case #741: 5 22 9 8 1 1 
Case #742: 8 10 7 6 4 4 4 4 2 
Case #743: -1
Case #744: -1
Case #745: 7 17 7 6 4 4 2 1 
Case #746: 8 11 10 5 4 3 3 3 2 
Case #747: -1
Case #748: 7 13 10 6 5 3 3 1 
Case #749: 8 26 7 3 1 1 1 1 1 
Case #750: 6 16 12 4 4 4 1 
Case #751: -1
Case #752: 6 14 6 6 5 5 5 
Case #753: -1
Case #754: 8 10 7 7 4 4 3 3 3 
Case #755: 16 26 1 1 1 1 1 1 1 1 1 1 1 1 1 1 1 
Case #756: -1
Case #757: 6 14 13 5 4 3 2 
Case #758: 6 13 10 6 6 4 2 
Case #759: -1
Case #760: 9 10 6 5 5 3 3 3 3 3 
Case #761: 6 22 6 5 5 2 1 
Case #762: 10 10 4 4 4 4 4 3 3 3 2 
Case #763: 8 18 16 2 1 1 1 1 1 
Case #764: 7 30 6 1 1 1 1 1 
Case #765: 8 14 7 6 3 3 3 3 2 
Case #766: 10 10 5 5 4 3 3 3 3 3 2 
Case #767: -1
Case #768: 6 22 5 4 4 3 3 
Case #769: 9 10 4 4 4 4 4 4 4 3 
Case #770: 10 10 7 4 3 3 3 3 3 3 2 
Case #771: 6 21 5 4 4 4 3 
Case #772: 6 18 8 6 4 4 1 
Case #773: 8 10 5 5 5 5 4 4 3 
Case #774: 9 31 3 1 1 1 1 1 1 1 
Case #775: 35 7 1 1 1 1 1 1 1 1 1 1 1 1 1 1 1 1 1 1 1 1 1 1 1 1 1 1 1 1 1 1 1 1 1 1 
Case #776: -1
Case #777: 9 22 9 4 1 1 1 1 1 1 
Case #778: 4 22 14 3 2 
Case #779: 25 15 3 1 1 1 1 1 1 1 1 1 1 1 1 1 1 1 1 1 1 1 1 1 1 1 
Case #780: 7 14 7 6 4 4 4 2 
Case #781: 9 10 5 5 5 4 3 3 3 3 
Case #782: -1
Case #783: 7 13 8 7 6 4 2 1 
Case #784: 10 10 7 3 3 3 3 3 3 3 3 
Case #785: -1
Case #786: 6 14 9 7 6 3 2 
Case #787: 6 11 9 9 6 4 2 
Case #788: 6 20 16 2 1 1 1 
Case #789: 9 14 7 3 3 3 3 3 3 2 
Case #790: 13 21 9 1 1 1 1 1 1 1 1 1 1 1 
Case #791: 8 12 8 4 4 4 4 4 1 
Case #792: 9 10 6 6 4 3 3 3 3 3 
Case #793: 7 22 4 4 4 4 2 1 
Case #794: 7 15 6 5 5 4 4 2 
Case #795: 3 25 8 8 
Case #796: 5 14 10 8 8 1 
Case #797: -1
Case #798: 7 13 10 4 4 4 3 3 
Case #799: 7 11 10 6 5 5 3 1 
Case #800: 7 10 7 7 7 4 3 3 
Case #801: 6 11 11 10 3 3 3 
Case #802: -1
Case #803: -1
Case #804: 7 20 8 8 2 1 1 1 
Case #805: 6 26 5 3 3 3 1 
Case #806: 8 10 10 4 4 4 4 3 2 
Case #807: 5 17 14 8 1 1 
Case #808: 7 21 7 6 4 1 1 1 
Case #809: -1
Case #810: 6 25 9 4 1 1 1 
Case #811: -1
Case #812: 34 8 1 1 1 1 1 1 1 1 1 1 1 1 1 1 1 1 1 1 1 1 1 1 1 1 1 1 1 1 1 1 1 1 1 
Case #813: -1
Case #814: 3 30 9 2 
Case #815: 8 11 7 6 4 4 4 4 1 
Case #816: 7 16 8 4 4 4 4 1 
Case #817: 6 11 9 7 6 4 4 
Case #818: 23 17 3 1 1 1 1 1 1 1 1 1 1 1 1 1 1 1 1 1 1 1 1 1 
Case #819: 5 22 10 6 2 1 
Case #820: 5 22 9 4 3 3 
Case #821: 5 22 7 6 4 2 
Case #822: 5 14 14 5 4 4 
Case #823: 7 20 4 4 4 4 4 1 
Case #824: 9 10 5 5 5 4 4 3 3 2 
Case #825: 7 15 9 4 4 3 3 3 
Case #826: 7 14 6 6 4 4 4 3 
Case #827: 7 10 6 6 5 5 5 4 
Case #828: 5 11 9 9 6 6 
Case #829: 6 21 10 6 2 1 1 
Case #830: 6 28 5 5 1 1 1 
Case #831: 7 13 10 7 4 4 2 1 
Case #832: 6 14 9 8 4 4 2 
Case #833: 6 17 15 6 1 1 1 
Case #834: 7 13 10 5 4 4 4 1 
Case #835: 7 15 9 6 4 4 2 1 
Case #836: 7 21 4 4 4 3 3 2 
Case #837: 6 25 6 3 3 3 1 
Case #838: 21 11 11 1 1 1 1 1 1 1 1 1 1 1 1 1 1 1 1 1 1 1 
Case #839: 18 21 4 1 1 1 1 1 1 1 1 1 1 1 1 1 1 1 1 
Case #840: 7 13 10 6 4 3 3 2 
Case #841: 19 17 7 1 1 1 1 1 1 1 1 1 1 1 1 1 1 1 1 1 
Case #842: -1
Case #843: 8 15 6 5 4 4 4 2 1 
Case #844: -1
Case #845: 6 25 4 4 3 3 2 
Case #846: 6 14 9 6 4 4 4 
Case #847: 8 10 7 6 5 4 3 3 3 
Case #848: 11 29 3 1 1 1 1 1 1 1 1 1 
Case #849: 9 14 10 3 3 3 3 3 1 1 
Case #850: 11 17 12 4 1 1 1 1 1 1 1 1 
Case #851: -1
Case #852: 3 19 17 5 
Case #853: 8 10 10 5 5 5 4 1 1 
Case #854: -1
Case #855: 15 25 3 1 1 1 1 1 1 1 1 1 1 1 1 1 
Case #856: -1
Case #857: 5 22 5 5 5 4 
Case #858: -1
Case #859: 9 18 16 1 1 1 1 1 1 1 
Case #860: 9 10 9 4 3 3 3 3 3 3 
Case #861: 3 25 10 6 
Case #862: 9 12 4 4 4 4 4 4 4 1 
Case #863: 6 14 8 7 7 4 1 
Case #864: 6 17 9 6 4 4 1 
Case #865: 7 11 9 9 4 3 3 2 
Case #866: 6 30 3 3 3 1 1 
Case #867: 10 30 3 1 1 1 1 1 1 1 1 
Case #868: 7 14 9 4 4 4 3 3 
Case #869: 5 21 9 5 5 1 
Case #870: 7 14 7 7 4 3 3 3 
Case #871: 8 10 6 5 4 4 4 4 4 
Case #872: 7 14 9 7 3 3 3 2 
Case #873: 7 21 5 4 4 4 2 1 
Case #874: 5 17 12 4 4 4 
Case #875: 9 30 4 1 1 1 1 1 1 1 
Case #876: 9 14 5 5 3 3 3 3 3 2 
Case #877: 8 10 7 5 4 4 4 4 3 
Case #878: 17 22 4 1 1 1 1 1 1 1 1 1 1 1 1 1 1 1 
Case #879: 7 20 5 5 4 4 2 1 
Case #880: 9 10 6 4 4 4 4 3 3 3 
Case #881: 9 10 5 5 4 4 4 4 4 1 
Case #882: 6 22 7 6 4 1 1 
Case #883: 8 31 4 1 1 1 1 1 1 
Case #884: 5 14 14 7 3 3 
Case #885: 8 15 5 4 4 4 3 3 3 
Case #886: 41 1 1 1 1 1 1 1 1 1 1 1 1 1 1 1 1 1 1 1 1 1 1 1 1 1 1 1 1 1 1 1 1 1 1 1 1 1 1 1 1 1 
Case #887: 8 7 7 7 7 6 4 2 1 
Case #888: -1
Case #889: 11 30 2 1 1 1 1 1 1 1 1 1 
Case #890: 7 15 9 4 4 4 3 2 
Case #891: -1
Case #892: -1
Case #893: 8 10 6 6 5 5 4 3 2 
Case #894: 9 10 7 5 4 4 3 3 3 2 
Case #895: 5 22 7 6 5 1 
Case #896: 6 14 10 6 5 3 3 
Case #897: 7 21 5 4 3 3 3 2 
Case #898: 5 16 15 4 4 2 
Case #899: 19 23 1 1 1 1 1 1 1 1 1 1 1 1 1 1 1 1 1 1 
Case #900: 14 27 2 1 1 1 1 1 1 1 1 1 1 1 1 
Case #901: 5 29 6 4 1 1 
Case #902: 6 22 10 5 2 1 1 
Case #903: 7 11 9 6 6 3 3 3 
Case #904: 7 15 10 4 3 3 3 3 
Case #905: 7 15 10 6 3 3 3 1 
Case #906: 7 18 8 4 4 4 2 1 
Case #907: 6 14 14 10 1 1 1 
Case #908: 7 14 13 5 5 2 1 1 
Case #909: 6 11 10 6 6 5 3 
Case #910: 6 13 11 10 3 3 1 
Case #911: 6 14 8 8 8 2 1 
Case #912: 8 14 5 5 4 4 3 3 3 
Case #913: 5 18 9 8 4 2 
Case #914: 8 10 6 5 5 4 4 4 3 
Case #915: 17 24 2 1 1 1 1 1 1 1 1 1 1 1 1 1 1 1 
Case #916: 8 10 7 5 5 5 3 3 3 
Case #917: 4 26 6 5 4 
Case #918: 5 26 6 5 3 1 
Case #919: 8 10 9 5 5 3 3 3 3 
Case #920: 3 21 12 8 
Case #921: 6 11 11 8 6 4 1 
Case #922: 6 13 9 9 4 4 2 
Case #923: 6 15 15 3 3 3 2 
Case #924: -1
Case #925: -1
Case #926: -1
Case #927: 9 7 7 7 7 6 4 1 1 1 
Case #928: 7 14 9 6 4 3 3 2 
Case #929: 6 15 12 4 4 4 2 
Case #930: 5 15 10 10 4 2 
Case #931: 4 21 8 8 4 
Case #932: 8 11 10 5 4 4 4 2 1 
Case #933: 6 27 3 3 3 3 2 
Case #934: 5 25 6 5 4 1 
Case #935: 9 15 4 4 4 3 3 3 3 2 
Case #936: 6 18 9 4 4 4 2 
Case #937: 6 19 10 6 4 1 1 
Case #938: 5 22 7 5 4 3 
Case #939: 6 14 7 6 6 4 4 
Case #940: 9 15 6 3 3 3 3 3 3 2 
Case #941: 7 14 10 4 4 4 3 2 
Case #942: 8 13 10 10 4 1 1 1 1 
Case #943: 9 10 6 6 4 4 3 3 3 2 
Case #944: -1
Case #945: 7 9 7 7 6 4 4 4 
Case #946: 8 14 7 5 5 3 3 3 1 
Case #947: -1
Case #948: 6 14 10 7 5 3 2 
Case #949: 5 21 10 8 1 1 
Case #950: 7 14 11 5 3 3 3 2 
Case #951: 6 23 10 3 3 1 1 
Case #952: 5 14 11 10 3 3 
Case #953: 6 14 9 7 4 4 3 
Case #954: 9 10 6 4 4 4 4 4 3 2 
Case #955: 6 21 7 4 3 3 3 
Case #956: 6 13 10 7 4 4 3 
Case #957: -1
Case #958: -1
Case #959: 21 21 1 1 1 1 1 1 1 1 1 1 1 1 1 1 1 1 1 1 1 1 
Case #960: -1
